1779439446.4035 0.0000 0.0000 0.0000 0.0000 0.0000 0.0000 1.0000
1779439446.5040 0.2897 -0.0003 -0.0102 0.0003 -0.0007 -0.0017 1.0000
1779439446.6032 0.5923 0.0151 -0.0151 0.0021 -0.0006 -0.0046 1.0000
1779439446.8053 1.2131 -0.0119 -0.0551 0.0025 -0.0013 -0.0101 0.9999
1779439446.9052 1.5476 -0.0425 -0.0503 0.0009 -0.0016 -0.0148 0.9999
1779439447.0064 1.8971 -0.0598 -0.0495 -0.0010 -0.0011 -0.0182 0.9998
1779439447.2064 2.5967 -0.1174 -0.0513 -0.0057 -0.0030 -0.0240 0.9997
1779439447.3070 2.9191 -0.1303 -0.0893 -0.0086 -0.0078 -0.0263 0.9996
1779439447.4064 3.2647 -0.1357 -0.0807 -0.0122 -0.0058 -0.0284 0.9995
1779439447.5063 3.6262 -0.1337 -0.1235 -0.0137 -0.0053 -0.0278 0.9995
1779439447.6062 3.9837 -0.1426 -0.1141 -0.0184 -0.0017 -0.0249 0.9995
1779439447.7050 4.3303 -0.0962 -0.1258 -0.0189 -0.0015 -0.0208 0.9996
1779439447.8051 4.6855 -0.0675 -0.1402 -0.0196 -0.0011 -0.0130 0.9997
1779439447.9040 5.0533 -0.0659 -0.1514 -0.0169 0.0003 -0.0052 0.9998
1779439448.0030 5.4284 -0.0541 -0.1364 -0.0130 0.0002 0.0022 0.9999
1779439448.1032 5.8204 -0.0495 -0.2198 -0.0041 0.0002 0.0106 0.9999
1779439448.2019 6.2341 -0.0726 -0.2010 0.0006 -0.0012 0.0183 0.9998
1779439448.3022 6.6222 -0.1054 -0.2317 0.0061 0.0004 0.0207 0.9998
1779439448.4021 7.0227 -0.1677 -0.1988 0.0058 -0.0001 0.0118 0.9999
1779439448.5012 7.3861 -0.1278 -0.2390 0.0039 -0.0021 -0.0014 1.0000
1779439448.6022 7.7599 -0.0740 -0.2554 -0.0003 -0.0020 -0.0088 1.0000
1779439448.7020 8.1509 -0.0388 -0.2720 -0.0038 -0.0023 -0.0115 0.9999
1779439448.8013 8.5466 -0.0188 -0.3243 -0.0054 -0.0021 -0.0129 0.9999
1779439448.9020 8.9491 -0.0033 -0.2957 -0.0055 0.0001 -0.0118 0.9999
1779439449.0030 9.3633 0.0160 -0.3215 -0.0047 -0.0001 -0.0070 1.0000
1779439449.1014 9.7753 0.0232 -0.3145 -0.0015 0.0015 -0.0040 1.0000
1779439449.2021 10.2216 -0.0163 -0.3383 0.0003 -0.0001 -0.0003 1.0000
1779439449.3011 10.6660 -0.0700 -0.2925 0.0023 -0.0026 -0.0016 1.0000
1779439449.4013 11.0980 -0.0758 -0.3545 0.0050 -0.0035 -0.0053 1.0000
1779439449.5011 11.5527 -0.0964 -0.4368 0.0079 -0.0054 -0.0065 0.9999
1779439449.6012 11.9856 -0.0932 -0.3899 0.0093 -0.0014 -0.0084 0.9999
1779439449.7019 12.4378 -0.1381 -0.3923 0.0123 -0.0003 -0.0094 0.9999
1779439449.8012 12.9012 -0.2355 -0.4220 0.0130 -0.0033 -0.0128 0.9998
1779439449.9013 13.3784 -0.2723 -0.4329 0.0095 -0.0035 -0.0235 0.9997
1779439450.0022 13.8189 -0.3525 -0.4251 0.0042 -0.0035 -0.0381 0.9993
1779439450.1012 14.2527 -0.3880 -0.4509 -0.0054 -0.0056 -0.0493 0.9988
1779439450.2014 14.7247 -0.4366 -0.4361 -0.0130 -0.0052 -0.0544 0.9984
1779439450.3011 15.1649 -0.4411 -0.4763 -0.0195 -0.0032 -0.0512 0.9985
1779439450.4011 15.6461 -0.4612 -0.5066 -0.0223 -0.0042 -0.0447 0.9987
1779439450.5020 16.1169 -0.4654 -0.4813 -0.0227 -0.0025 -0.0365 0.9991
1779439450.6010 16.6082 -0.4898 -0.5375 -0.0189 -0.0035 -0.0269 0.9995
1779439450.7019 17.0869 -0.5197 -0.5696 -0.0132 -0.0027 -0.0196 0.9997
1779439450.8020 17.5909 -0.5170 -0.5627 -0.0094 -0.0045 -0.0145 0.9998
1779439450.9013 18.0805 -0.5123 -0.5278 -0.0041 -0.0022 -0.0128 0.9999
1779439451.0019 18.5779 -0.5627 -0.6172 0.0033 -0.0038 -0.0125 0.9999
1779439451.1011 19.0698 -0.5859 -0.6127 0.0083 -0.0050 -0.0144 0.9998
1779439451.2019 19.6011 -0.6269 -0.5770 0.0091 -0.0033 -0.0207 0.9997
1779439451.3020 20.0944 -0.6715 -0.6165 0.0080 -0.0050 -0.0324 0.9994
1779439451.4011 20.5806 -0.7167 -0.6296 0.0038 -0.0067 -0.0431 0.9990
1779439451.5012 21.0784 -0.7859 -0.6216 -0.0030 -0.0054 -0.0522 0.9986
1779439451.6021 21.5837 -0.8744 -0.6346 -0.0105 -0.0048 -0.0569 0.9983
1779439451.8022 22.6191 -1.0234 -0.6612 -0.0216 -0.0052 -0.0512 0.9984
1779439451.9028 23.1367 -1.0415 -0.6936 -0.0228 -0.0061 -0.0457 0.9987
1779439452.0019 23.6417 -1.0601 -0.6909 -0.0235 -0.0063 -0.0409 0.9989
1779439452.1028 24.1708 -1.0681 -0.6937 -0.0222 -0.0063 -0.0357 0.9991
1779439452.2017 24.6897 -1.0900 -0.7063 -0.0177 -0.0069 -0.0305 0.9994
1779439452.3029 25.2153 -1.0869 -0.7249 -0.0131 -0.0067 -0.0276 0.9995
1779439452.4038 25.7488 -1.1187 -0.7191 -0.0086 -0.0071 -0.0247 0.9996
1779439452.6029 26.8333 -1.2250 -0.7561 0.0004 -0.0093 -0.0288 0.9995
1779439452.7038 27.3683 -1.2760 -0.7618 0.0022 -0.0091 -0.0325 0.9994
1779439452.8031 27.8721 -1.3253 -0.7631 0.0022 -0.0091 -0.0367 0.9993
1779439452.9032 28.3923 -1.3990 -0.7631 0.0025 -0.0088 -0.0418 0.9991
1779439453.0032 28.9344 -1.4705 -0.7726 0.0011 -0.0095 -0.0477 0.9988
1779439453.1019 29.4621 -1.5463 -0.7767 -0.0039 -0.0099 -0.0533 0.9985
1779439453.2020 29.9820 -1.6268 -0.7822 -0.0100 -0.0105 -0.0577 0.9982
1779439453.3030 30.5056 -1.6775 -0.7929 -0.0173 -0.0106 -0.0618 0.9979
1779439453.4019 31.0465 -1.7247 -0.7783 -0.0244 -0.0097 -0.0644 0.9976
1779439453.5029 31.5882 -1.7568 -0.7698 -0.0302 -0.0084 -0.0622 0.9976
1779439453.7027 32.6940 -1.8335 -0.7516 -0.0382 -0.0123 -0.0442 0.9982
1779439453.8034 33.2273 -1.8815 -0.7673 -0.0359 -0.0130 -0.0349 0.9987
1779439453.9030 33.7682 -1.9372 -0.8117 -0.0307 -0.0156 -0.0266 0.9991
1779439454.0039 34.2913 -1.9586 -0.8098 -0.0253 -0.0154 -0.0196 0.9994
1779439454.2030 35.3745 -2.1143 -0.8166 -0.0157 -0.0170 -0.0161 0.9996
1779439454.4018 36.4504 -2.2550 -0.8433 -0.0114 -0.0170 -0.0190 0.9996
1779439454.5032 36.9772 -2.2871 -0.8467 -0.0108 -0.0159 -0.0230 0.9995
1779439454.6019 37.4878 -2.3217 -0.8403 -0.0120 -0.0135 -0.0255 0.9995
1779439454.7030 37.9995 -2.3647 -0.8548 -0.0140 -0.0119 -0.0279 0.9994
1779439454.8037 38.5195 -2.4248 -0.8623 -0.0157 -0.0097 -0.0291 0.9994
1779439454.9031 39.0339 -2.4807 -0.8813 -0.0176 -0.0118 -0.0300 0.9993
1779439455.0050 39.5160 -2.4678 -0.8554 -0.0196 -0.0114 -0.0288 0.9993
1779439455.2048 40.4943 -2.4906 -0.9087 -0.0172 -0.0104 -0.0214 0.9996
1779439455.4049 41.4770 -2.5615 -0.8662 -0.0121 -0.0117 -0.0151 0.9997
1779439455.5050 41.9889 -2.5730 -0.6623 -0.0096 -0.0132 -0.0123 0.9998
1779439455.6058 42.4442 -2.5902 -0.8685 -0.0000 -0.0268 -0.0098 0.9996
1779439455.7046 42.9268 -2.5799 -0.8603 0.0080 -0.0334 -0.0099 0.9994
1779439455.8045 43.3254 -2.5287 -0.7984 0.0183 -0.0214 -0.0144 0.9995
1779439456.0038 44.2425 -2.5913 -0.8287 0.0287 -0.0259 -0.0405 0.9984
1779439456.1037 44.6898 -2.6680 -0.8017 0.0305 -0.0248 -0.0517 0.9979
1779439456.2029 45.1430 -2.7288 -0.8362 0.0333 -0.0247 -0.0645 0.9971
1779439456.3018 45.5943 -2.8252 -0.8232 0.0326 -0.0236 -0.0759 0.9963
1779439456.4029 46.0477 -2.9488 -0.7955 0.0320 -0.0218 -0.0862 0.9955
1779439456.5018 46.5045 -3.0832 -0.8182 0.0332 -0.0222 -0.0960 0.9946
1779439456.6017 46.9460 -3.1753 -0.8181 0.0311 -0.0313 -0.1083 0.9931
1779439456.7029 47.4179 -3.3529 -0.7621 0.0318 -0.0284 -0.1174 0.9922
1779439456.8017 47.8092 -3.4138 -0.8112 0.0322 -0.0307 -0.1289 0.9907
1779439456.9029 48.2320 -3.5463 -0.7860 0.0298 -0.0307 -0.1383 0.9895
1779439457.0045 48.6528 -3.7076 -0.7609 0.0314 -0.0249 -0.1470 0.9883
1779439457.1030 49.0698 -3.8525 -0.8044 0.0326 -0.0226 -0.1563 0.9869
1779439457.2036 49.4819 -3.9293 -0.7947 0.0331 -0.0263 -0.1628 0.9858
1779439457.3030 49.8597 -4.0670 -0.7550 0.0389 -0.0190 -0.1655 0.9853
1779439457.4047 50.2886 -4.2398 -0.8364 0.0473 -0.0202 -0.1711 0.9839
1779439457.5047 50.7202 -4.4770 -0.7512 0.0552 -0.0241 -0.1806 0.9817
1779439457.6037 51.1140 -4.7700 -0.7984 0.0574 -0.0335 -0.1953 0.9785
1779439457.8049 51.8245 -5.1955 -0.7896 0.0600 -0.0371 -0.2448 0.9670
1779439457.9045 52.1124 -5.3561 -0.8221 0.0571 -0.0332 -0.2675 0.9613
1779439458.0048 52.3949 -5.5572 -0.7918 0.0506 -0.0310 -0.2898 0.9552
1779439458.1045 52.6173 -5.7415 -0.8348 0.0403 -0.0281 -0.3120 0.9488
1779439458.2046 52.8785 -6.0261 -0.8247 0.0268 -0.0262 -0.3305 0.9430
1779439458.3034 53.1236 -6.2410 -0.8382 0.0152 -0.0216 -0.3458 0.9380
1779439458.4017 53.3731 -6.4742 -0.8525 0.0022 -0.0182 -0.3507 0.9363
1779439458.5025 53.5997 -6.7084 -0.7858 -0.0091 -0.0123 -0.3509 0.9363
1779439458.6007 53.8107 -6.9431 -0.7981 -0.0186 -0.0115 -0.3532 0.9353
1779439458.7015 54.0240 -7.0791 -0.7995 -0.0297 -0.0124 -0.3526 0.9352
1779439458.8017 54.3362 -7.2869 -0.8110 -0.0342 -0.0089 -0.3463 0.9375
1779439458.9030 54.6491 -7.4722 -0.8159 -0.0386 -0.0093 -0.3410 0.9392
1779439459.0016 54.9234 -7.6555 -0.7858 -0.0432 -0.0047 -0.3333 0.9418
1779439459.2015 55.5154 -7.8515 -0.7933 -0.0490 -0.0041 -0.3205 0.9460
1779439459.4009 56.1125 -8.1870 -0.7654 -0.0443 -0.0067 -0.2970 0.9538
1779439459.5017 56.4184 -8.3953 -0.7546 -0.0434 -0.0066 -0.2852 0.9575
1779439459.6017 56.7071 -8.6463 -0.7979 -0.0425 -0.0072 -0.2768 0.9600
1779439459.7009 56.9284 -8.7824 -0.8052 -0.0434 0.0025 -0.2746 0.9606
1779439459.8017 57.2183 -8.8059 -0.8172 -0.0480 -0.0002 -0.2729 0.9608
1779439460.0015 57.6368 -8.7947 -0.7930 -0.0515 0.0015 -0.2584 0.9647
1779439460.1026 57.8800 -8.8871 -0.7672 -0.0488 0.0009 -0.2445 0.9684
1779439460.2008 58.1140 -8.9529 -0.7903 -0.0415 -0.0011 -0.2313 0.9720
1779439460.3014 58.3744 -9.0257 -0.7667 -0.0370 -0.0040 -0.2185 0.9751
1779439460.4017 58.6467 -9.1726 -0.7679 -0.0342 -0.0085 -0.2089 0.9773
1779439460.6017 59.1704 -9.3604 -0.7650 -0.0331 -0.0145 -0.2081 0.9774
1779439460.7027 59.4478 -9.5699 -0.7959 -0.0340 -0.0154 -0.2085 0.9773
1779439460.8016 59.6634 -9.5831 -0.7870 -0.0348 -0.0126 -0.2116 0.9767
1779439460.9016 59.8575 -9.5517 -0.7992 -0.0358 -0.0086 -0.2058 0.9779
1779439461.1013 60.2720 -9.5411 -0.7874 -0.0353 -0.0051 -0.1896 0.9812
1779439461.2025 60.4476 -9.5490 -0.7860 -0.0341 -0.0055 -0.1808 0.9829
1779439461.3016 60.6346 -9.5902 -0.8196 -0.0314 -0.0060 -0.1744 0.9842
1779439461.4016 60.8621 -9.5573 -0.7814 -0.0302 -0.0056 -0.1641 0.9860
1779439461.5024 61.0659 -9.5734 -0.7685 -0.0258 -0.0074 -0.1528 0.9879
1779439461.6013 61.2615 -9.5707 -0.7676 -0.0221 -0.0100 -0.1420 0.9896
1779439461.7026 61.4373 -9.6421 -0.7684 -0.0199 -0.0104 -0.1320 0.9910
1779439461.8028 61.6121 -9.6806 -0.8043 -0.0178 -0.0107 -0.1308 0.9912
1779439461.9013 61.7553 -9.6968 -0.7961 -0.0185 -0.0112 -0.1287 0.9915
1779439462.0027 61.9069 -9.7346 -0.7447 -0.0168 -0.0107 -0.1271 0.9917
1779439462.1007 62.0652 -9.7392 -0.7802 -0.0132 -0.0114 -0.1253 0.9920
1779439462.2015 62.2387 -9.8129 -0.7794 -0.0097 -0.0122 -0.1213 0.9925
1779439462.3016 62.3692 -9.8209 -0.7758 -0.0066 -0.0109 -0.1188 0.9928
1779439462.4008 62.4709 -9.8224 -0.7617 -0.0065 -0.0123 -0.1169 0.9930
1779439462.5015 62.6006 -9.9156 -0.7450 -0.0053 -0.0146 -0.1189 0.9928
1779439462.6025 62.7444 -9.9542 -0.7740 -0.0042 -0.0165 -0.1222 0.9924
1779439462.7016 62.8377 -10.0128 -0.7760 -0.0038 -0.0168 -0.1234 0.9922
1779439462.8026 62.9196 -10.0112 -0.7584 -0.0047 -0.0183 -0.1280 0.9916
1779439463.0015 63.0530 -10.1522 -0.8058 -0.0113 -0.0192 -0.1465 0.9890
1779439463.1012 63.1331 -10.2148 -0.8016 -0.0145 -0.0174 -0.1617 0.9866
1779439463.2014 63.1895 -10.1971 -0.8021 -0.0190 -0.0162 -0.1732 0.9846
1779439463.3024 63.2525 -10.1478 -0.8041 -0.0229 -0.0152 -0.1829 0.9827
1779439463.4015 63.3555 -10.0996 -0.8107 -0.0281 -0.0134 -0.1886 0.9816
1779439463.5015 63.4414 -10.1198 -0.8104 -0.0329 -0.0113 -0.1889 0.9814
1779439463.6024 63.5418 -10.0980 -0.7991 -0.0382 -0.0099 -0.1867 0.9816
1779439463.7012 63.6578 -10.0410 -0.8014 -0.0429 -0.0089 -0.1775 0.9831
1779439463.8015 63.7983 -9.9863 -0.7991 -0.0460 -0.0084 -0.1631 0.9855
1779439464.0013 64.1088 -10.1282 -0.7765 -0.0488 -0.0105 -0.1082 0.9929
1779439464.2007 64.5652 -10.3959 -0.7275 -0.0494 -0.0160 -0.0288 0.9982
1779439464.3024 64.6519 -10.2973 -0.7335 -0.0462 -0.0179 0.0134 0.9987
1779439464.4028 64.7552 -10.1916 -0.7512 -0.0466 -0.0191 0.0574 0.9971
1779439464.5014 64.8632 -10.1193 -0.7313 -0.0482 -0.0211 0.0999 0.9936
1779439464.6015 64.8784 -9.9698 -0.7443 -0.0479 -0.0215 0.1328 0.9897
1779439464.7027 64.9060 -9.8573 -0.7638 -0.0455 -0.0221 0.1627 0.9854
1779439464.8014 64.9774 -9.7627 -0.7578 -0.0434 -0.0214 0.1942 0.9798
1779439464.9026 65.0714 -9.7085 -0.7642 -0.0402 -0.0201 0.2288 0.9724
1779439465.1042 65.1545 -9.5363 -0.7789 -0.0372 -0.0187 0.3042 0.9517
1779439465.2035 65.0597 -9.3922 -0.7699 -0.0373 -0.0179 0.3354 0.9412
1779439465.3026 65.0638 -9.2567 -0.7594 -0.0374 -0.0163 0.3642 0.9304
1779439465.4026 65.0472 -9.1378 -0.7849 -0.0377 -0.0164 0.3959 0.9174
1779439465.5033 65.0362 -9.0512 -0.7883 -0.0372 -0.0152 0.4277 0.9030
1779439465.6045 65.0205 -8.9509 -0.8108 -0.0379 -0.0146 0.4573 0.8884
1779439465.8055 64.9692 -8.8459 -0.7899 -0.0434 -0.0154 0.5149 0.8560
1779439465.9043 64.9186 -8.6575 -0.8355 -0.0449 -0.0177 0.5382 0.8415
1779439466.0045 64.8018 -8.5223 -0.7947 -0.0484 -0.0183 0.5645 0.8238
1779439466.1034 64.7004 -8.4217 -0.7963 -0.0501 -0.0212 0.5891 0.8062
1779439466.3045 64.5737 -8.3389 -0.7723 -0.0461 -0.0241 0.6497 0.7584
1779439466.4042 64.3241 -8.2280 -0.8056 -0.0477 -0.0277 0.6811 0.7301
1779439466.5055 64.1883 -8.1294 -0.8250 -0.0464 -0.0318 0.7137 0.6982
1779439466.6081 64.0183 -8.0337 -0.7970 -0.0459 -0.0330 0.7475 0.6618
1779439466.7046 63.8606 -7.9705 -0.7875 -0.0412 -0.0362 0.7814 0.6216
1779439466.8055 63.6422 -7.9437 -0.7736 -0.0349 -0.0374 0.8117 0.5819
1779439466.9057 63.4747 -7.9312 -0.7638 -0.0297 -0.0359 0.8423 0.5370
1779439467.0053 63.2915 -7.9238 -0.7699 -0.0242 -0.0324 0.8702 0.4910
1779439467.1078 63.1615 -7.9018 -0.7686 -0.0205 -0.0313 0.8937 0.4472
1779439467.2043 63.0369 -7.8892 -0.7610 -0.0186 -0.0321 0.9094 0.4142
1779439467.3045 62.8846 -7.8881 -0.7582 -0.0160 -0.0344 0.9211 0.3875
1779439467.4042 62.7414 -7.8577 -0.7636 -0.0141 -0.0370 0.9302 0.3648
1779439467.5032 62.5920 -7.8303 -0.7480 -0.0130 -0.0397 0.9392 0.3409
1779439467.6032 62.4431 -7.8104 -0.7433 -0.0073 -0.0391 0.9482 0.3151
1779439467.7027 62.3116 -7.7787 -0.7077 -0.0028 -0.0393 0.9555 0.2922
1779439467.8025 62.1673 -7.7756 -0.6874 -0.0020 -0.0433 0.9618 0.2703
1779439467.9032 61.9922 -7.7634 -0.7605 0.0039 -0.0432 0.9648 0.2593
1779439468.0033 61.8879 -7.6937 -0.7549 0.0061 -0.0417 0.9683 0.2461
1779439468.1026 61.7611 -7.6471 -0.7905 0.0080 -0.0399 0.9738 0.2238
1779439468.2023 61.5575 -7.6342 -0.8364 0.0107 -0.0333 0.9780 0.2058
1779439468.3023 61.4021 -7.6030 -0.8491 0.0107 -0.0288 0.9832 0.1799
1779439468.4025 61.2359 -7.6110 -0.7905 0.0091 -0.0217 0.9861 0.1647
1779439468.5013 61.0438 -7.5820 -0.6881 0.0084 -0.0195 0.9877 0.1548
1779439468.6022 60.8562 -7.5985 -0.6870 0.0103 -0.0222 0.9886 0.1483
1779439468.7024 60.6753 -7.5551 -0.6900 0.0119 -0.0250 0.9878 0.1534
1779439468.8013 60.5155 -7.4784 -0.7050 0.0133 -0.0274 0.9886 0.1475
1779439468.9023 60.3087 -7.4574 -0.7580 0.0147 -0.0247 0.9889 0.1455
1779439469.0024 60.1363 -7.3573 -0.7804 0.0153 -0.0245 0.9897 0.1402
1779439469.1013 59.8958 -7.3509 -0.7153 0.0110 -0.0239 0.9901 0.1375
1779439469.2025 59.6984 -7.2812 -0.7352 0.0124 -0.0234 0.9898 0.1400
1779439469.3013 59.4942 -7.2161 -0.7566 0.0154 -0.0230 0.9905 0.1344
1779439469.4013 59.3084 -7.1476 -0.7692 0.0153 -0.0182 0.9913 0.1292
1779439469.5024 59.0987 -7.0750 -0.8117 0.0142 -0.0143 0.9926 0.1199
1779439469.6011 58.8198 -7.0640 -0.8558 0.0158 -0.0065 0.9938 0.1097
1779439469.7024 58.5855 -7.0231 -0.7914 0.0140 0.0038 0.9947 0.1018
1779439470.0022 57.8420 -6.7980 -0.7642 0.0199 0.0193 0.9938 0.1074
1779439470.1010 57.5018 -6.7970 -0.7895 0.0195 0.0186 0.9925 0.1196
1779439470.2029 57.2953 -6.6518 -0.7892 0.0160 0.0209 0.9900 0.1384
1779439470.3024 57.0457 -6.5332 -0.7801 0.0161 0.0214 0.9872 0.1573
1779439470.4025 56.7983 -6.3941 -0.7865 0.0203 0.0217 0.9845 0.1730
1779439470.5039 56.5479 -6.2938 -0.7844 0.0176 0.0228 0.9820 0.1868
1779439470.6054 56.3141 -6.1419 -0.8380 0.0183 0.0220 0.9800 0.1968
1779439470.7043 56.0347 -5.9941 -0.7972 0.0176 0.0226 0.9777 0.2079
1779439470.8051 55.7939 -5.8686 -0.7926 0.0151 0.0210 0.9759 0.2168
1779439470.9060 55.5418 -5.7178 -0.7799 0.0154 0.0199 0.9741 0.2248
1779439471.0051 55.2884 -5.5434 -0.8112 0.0172 0.0172 0.9717 0.2348
1779439471.1041 55.0690 -5.3711 -0.7881 0.0138 0.0162 0.9691 0.2457
1779439471.2029 54.7914 -5.1966 -0.8065 0.0143 0.0140 0.9655 0.2596
1779439471.3041 54.5442 -5.0052 -0.7640 0.0158 0.0114 0.9616 0.2737
1779439471.4054 54.3199 -4.8231 -0.7596 0.0192 0.0093 0.9576 0.2874
1779439471.5041 54.0918 -4.6256 -0.8075 0.0195 0.0070 0.9545 0.2975
1779439471.6041 53.8568 -4.4557 -0.8009 0.0179 0.0058 0.9532 0.3018
1779439471.7053 53.5868 -4.2639 -0.8114 0.0156 0.0035 0.9524 0.3046
1779439471.8051 53.3661 -4.0721 -0.7913 0.0120 0.0010 0.9508 0.3095
1779439471.9055 53.1139 -3.8951 -0.7963 0.0088 -0.0039 0.9487 0.3162
1779439472.0051 52.8786 -3.6939 -0.8021 0.0053 -0.0073 0.9464 0.3228
1779439472.1040 52.6211 -3.4887 -0.7583 0.0059 -0.0111 0.9439 0.3301
1779439472.2024 52.4039 -3.2760 -0.8514 0.0091 -0.0148 0.9421 0.3347
1779439472.3042 52.2038 -3.0718 -0.8655 0.0080 -0.0149 0.9423 0.3343
1779439472.5040 51.6720 -2.6597 -0.8515 0.0044 -0.0144 0.9430 0.3325
1779439472.6040 51.4235 -2.4670 -0.8025 0.0042 -0.0167 0.9437 0.3302
1779439472.7044 51.1397 -2.2680 -0.7917 0.0057 -0.0211 0.9436 0.3303
1779439472.8042 50.8519 -2.0525 -0.8488 0.0063 -0.0273 0.9438 0.3294
1779439472.9053 50.6131 -1.8440 -0.8396 0.0040 -0.0295 0.9444 0.3273
1779439473.0051 50.3458 -1.6331 -0.8748 0.0035 -0.0300 0.9444 0.3273
1779439473.2054 49.8840 -1.2142 -0.8674 -0.0008 -0.0249 0.9455 0.3247
1779439473.3042 49.5929 -1.0073 -0.8474 0.0004 -0.0285 0.9459 0.3232
1779439473.4053 49.3311 -0.8063 -0.8853 0.0025 -0.0338 0.9481 0.3161
1779439473.6042 48.8276 -0.4414 -0.8706 0.0017 -0.0427 0.9518 0.3036
1779439473.7050 48.5293 -0.2537 -0.8876 0.0064 -0.0469 0.9534 0.2981
1779439473.8060 48.2460 -0.0564 -0.8874 0.0032 -0.0510 0.9557 0.2898
1779439473.9058 47.9397 0.1323 -0.8866 0.0027 -0.0528 0.9585 0.2802
1779439474.0060 47.6509 0.2666 -0.8823 0.0035 -0.0528 0.9628 0.2651
1779439474.1055 47.3815 0.4255 -0.8779 0.0080 -0.0509 0.9680 0.2457
1779439474.2059 47.0915 0.5490 -0.8826 0.0084 -0.0460 0.9715 0.2323
1779439474.3072 46.7814 0.6903 -0.8694 0.0058 -0.0409 0.9737 0.2241
1779439474.4058 46.5101 0.8273 -0.9072 0.0047 -0.0389 0.9749 0.2192
1779439474.6072 45.9070 1.1037 -0.9081 0.0019 -0.0374 0.9773 0.2084
1779439474.7054 45.6008 1.2481 -0.9035 0.0043 -0.0389 0.9786 0.2018
1779439474.8058 45.3025 1.3770 -0.9102 0.0083 -0.0399 0.9795 0.1971
1779439474.9057 45.0060 1.5130 -0.8931 0.0105 -0.0400 0.9807 0.1910
1779439475.0053 44.6917 1.6505 -0.9307 0.0096 -0.0387 0.9815 0.1875
1779439475.1069 44.3633 1.7524 -0.9530 0.0052 -0.0403 0.9821 0.1842
1779439475.2058 44.0426 1.8456 -0.9319 -0.0008 -0.0433 0.9823 0.1821
1779439475.3060 43.7249 1.9547 -0.9615 -0.0041 -0.0428 0.9827 0.1799
1779439475.4071 43.4102 2.0806 -0.9744 -0.0043 -0.0438 0.9840 0.1724
1779439475.6059 42.7270 2.2475 -0.9607 -0.0044 -0.0477 0.9871 0.1526
1779439475.7071 42.3602 2.2734 -0.9798 -0.0048 -0.0450 0.9891 0.1399
1779439475.8052 41.9973 2.3673 -0.9579 -0.0019 -0.0465 0.9914 0.1223
1779439475.9073 41.6556 2.3846 -1.0098 0.0026 -0.0421 0.9933 0.1078
1779439476.0070 41.2845 2.3984 -0.9817 0.0008 -0.0374 0.9948 0.0950
1779439476.1052 40.9579 2.4525 -1.0545 -0.0022 -0.0306 0.9959 0.0852
1779439476.2052 40.6411 2.5876 -1.0605 -0.0046 -0.0285 0.9962 0.0821
1779439476.3058 40.2653 2.6435 -1.0610 -0.0084 -0.0263 0.9964 0.0800
1779439476.4049 39.8519 2.6962 -0.8808 0.0044 -0.0319 0.9967 0.0740
1779439476.6029 39.1702 2.8857 -1.0728 0.0256 -0.0168 0.9973 0.0664
1779439476.7039 38.7976 2.9040 -1.0640 0.0116 -0.0137 0.9977 0.0649
1779439476.8023 38.4567 2.9756 -1.0529 0.0130 -0.0111 0.9980 0.0613
1779439476.9029 38.1055 3.0436 -1.0246 0.0143 -0.0123 0.9979 0.0612
1779439477.0046 37.7292 3.0728 -1.0657 0.0156 -0.0112 0.9976 0.0663
1779439477.1028 37.3866 3.1412 -1.0348 0.0134 -0.0109 0.9973 0.0713
1779439477.2039 37.0246 3.2007 -1.0702 0.0106 -0.0117 0.9970 0.0755
1779439477.4029 36.2754 3.3435 -1.0826 0.0113 -0.0122 0.9967 0.0799
1779439477.5041 35.9032 3.3980 -1.0389 0.0112 -0.0153 0.9968 0.0774
1779439477.6021 35.5431 3.4324 -1.0848 0.0137 -0.0133 0.9968 0.0772
1779439477.7029 35.1684 3.4887 -1.0811 0.0140 -0.0096 0.9971 0.0748
1779439477.8037 34.7900 3.5325 -1.0934 0.0113 -0.0081 0.9976 0.0679
1779439477.9029 34.4287 3.5695 -1.1041 0.0108 -0.0055 0.9979 0.0634
1779439478.0021 34.0773 3.6407 -1.1007 0.0119 -0.0038 0.9982 0.0587
1779439478.2022 33.3599 3.7635 -1.1071 0.0089 -0.0041 0.9979 0.0636
1779439478.3027 32.9818 3.7960 -1.1419 0.0081 -0.0061 0.9977 0.0664
1779439478.4021 32.6228 3.8850 -1.1166 0.0084 -0.0060 0.9977 0.0674
1779439478.5021 32.2499 3.9128 -1.1068 0.0093 -0.0041 0.9977 0.0675
1779439478.6028 31.8891 3.9614 -1.1471 0.0105 -0.0020 0.9981 0.0613
1779439478.7023 31.4980 4.0193 -1.1060 0.0099 0.0062 0.9983 0.0572
1779439478.8022 31.1432 4.0830 -1.1737 0.0113 0.0103 0.9984 0.0551
1779439478.9022 30.7620 4.1750 -1.1387 0.0126 0.0126 0.9982 0.0565
1779439479.0020 30.3718 4.2369 -1.1486 0.0130 0.0124 0.9977 0.0650
1779439479.2019 29.6427 4.4036 -1.1281 0.0158 0.0093 0.9968 0.0779
1779439479.4028 28.8807 4.5572 -1.1775 0.0162 -0.0002 0.9951 0.0977
1779439479.5021 28.5204 4.6735 -1.1472 0.0163 -0.0052 0.9943 0.1055
1779439479.6021 28.1449 4.7490 -1.1662 0.0163 -0.0110 0.9934 0.1133
1779439479.7027 27.7475 4.8124 -1.1692 0.0173 -0.0123 0.9931 0.1155
1779439479.8024 27.3724 4.8440 -1.1828 0.0170 -0.0122 0.9939 0.1079
1779439479.9021 27.0098 4.9252 -1.1845 0.0174 -0.0125 0.9950 0.0977
1779439480.0027 26.6424 5.0184 -1.1389 0.0180 -0.0108 0.9957 0.0907
1779439480.1020 26.2906 5.1120 -1.1680 0.0191 -0.0124 0.9957 0.0896
1779439480.2028 25.9081 5.1930 -1.1673 0.0197 -0.0155 0.9952 0.0942
1779439480.4029 25.1825 5.3507 -1.1612 0.0152 -0.0258 0.9947 0.0982
1779439480.5038 24.7738 5.3788 -1.1733 0.0157 -0.0276 0.9947 0.0980
1779439480.6021 24.4326 5.4438 -1.1646 0.0163 -0.0284 0.9954 0.0903
1779439480.8036 23.6957 5.5593 -1.1756 0.0190 -0.0221 0.9968 0.0747
1779439480.9019 23.3235 5.6084 -1.1477 0.0217 -0.0195 0.9975 0.0645
1779439481.0026 22.9493 5.6397 -1.1291 0.0233 -0.0169 0.9980 0.0566
1779439481.1020 22.5967 5.6872 -1.1298 0.0262 -0.0157 0.9981 0.0529
1779439481.2027 22.2282 5.7688 -1.1291 0.0269 -0.0144 0.9981 0.0536
1779439481.3021 21.8825 5.8083 -1.1341 0.0272 -0.0160 0.9981 0.0531
1779439481.4021 21.5180 5.8510 -1.0911 0.0269 -0.0153 0.9982 0.0522
1779439481.5025 21.1598 5.9182 -1.0901 0.0270 -0.0150 0.9982 0.0515
1779439481.6019 20.8000 5.9867 -1.0823 0.0293 -0.0151 0.9982 0.0492
1779439481.7020 20.4621 6.0284 -1.0999 0.0303 -0.0138 0.9982 0.0492
1779439481.8027 20.1032 6.0911 -1.0752 0.0287 -0.0112 0.9985 0.0462
1779439481.9026 19.7590 6.1269 -1.0783 0.0289 -0.0069 0.9988 0.0393
1779439482.0028 19.3886 6.1680 -1.0372 0.0290 -0.0012 0.9991 0.0307
1779439482.2019 18.6612 6.1552 -1.0461 0.0328 0.0054 0.9991 0.0257
1779439482.3019 18.3083 6.2215 -1.0364 0.0331 0.0076 0.9989 0.0312
1779439482.4020 17.9654 6.2429 -1.0239 0.0316 0.0075 0.9989 0.0350
1779439482.6025 17.2507 6.3462 -0.9907 0.0310 0.0080 0.9985 0.0441
1779439482.8026 16.5594 6.4292 -0.9801 0.0316 0.0091 0.9981 0.0524
1779439482.9035 16.2230 6.4894 -1.0031 0.0324 0.0103 0.9977 0.0580
1779439483.0036 15.8907 6.5524 -0.9730 0.0311 0.0108 0.9976 0.0609
1779439483.1038 15.5401 6.6056 -0.9550 0.0304 0.0098 0.9973 0.0657
1779439483.2027 15.1854 6.6660 -0.9641 0.0331 0.0077 0.9969 0.0713
1779439483.3036 14.8419 6.7123 -0.9459 0.0335 0.0044 0.9965 0.0765
1779439483.4045 14.5142 6.7790 -0.9488 0.0322 -0.0004 0.9961 0.0816
1779439483.5047 14.1838 6.8465 -0.9664 0.0306 -0.0051 0.9958 0.0867
1779439483.6048 13.8338 6.9344 -0.9470 0.0281 -0.0093 0.9955 0.0899
1779439483.8049 13.1653 7.0742 -0.9384 0.0285 -0.0125 0.9949 0.0957
1779439483.9054 12.8316 7.1505 -0.9350 0.0279 -0.0154 0.9952 0.0930
1779439484.0057 12.5058 7.2158 -0.9141 0.0278 -0.0158 0.9953 0.0916
1779439484.1054 12.1752 7.2791 -0.9278 0.0240 -0.0159 0.9956 0.0890
1779439484.2055 11.8472 7.3391 -0.9174 0.0274 -0.0159 0.9958 0.0856
1779439484.3054 11.5047 7.3888 -0.9045 0.0266 -0.0165 0.9961 0.0823
1779439484.4054 11.1758 7.4417 -0.9095 0.0283 -0.0134 0.9963 0.0801
1779439484.5085 10.8390 7.5145 -0.8864 0.0313 -0.0122 0.9965 0.0767
1779439484.6054 10.5096 7.5646 -0.8531 0.0289 -0.0113 0.9969 0.0729
1779439484.7054 10.1903 7.5914 -0.8706 0.0317 -0.0109 0.9970 0.0692
1779439484.8056 9.8430 7.6485 -0.8751 0.0358 -0.0122 0.9971 0.0663
1779439484.9049 9.5022 7.7053 -0.8448 0.0345 -0.0125 0.9973 0.0639
1779439485.0068 9.2039 7.7407 -0.8556 0.0293 -0.0072 0.9977 0.0614
1779439485.2066 8.5787 7.8148 -0.8213 0.0309 0.0023 0.9982 0.0516
1779439485.3084 8.2717 7.8468 -0.8039 0.0349 0.0045 0.9982 0.0496
1779439485.4048 7.9711 7.8873 -0.7934 0.0378 0.0043 0.9978 0.0534
1779439485.5054 7.6580 7.9285 -0.7754 0.0357 0.0066 0.9976 0.0586
1779439485.6046 7.3523 7.9842 -0.7769 0.0366 0.0069 0.9973 0.0633
1779439485.7046 7.0458 8.0524 -0.7570 0.0380 0.0046 0.9970 0.0675
1779439485.8053 6.7477 8.0807 -0.7587 0.0386 0.0038 0.9964 0.0760
1779439485.9053 6.4632 8.1621 -0.7333 0.0345 -0.0006 0.9959 0.0831
1779439486.0045 6.1835 8.2143 -0.7381 0.0350 -0.0037 0.9952 0.0910
1779439486.1037 5.8887 8.2900 -0.7352 0.0353 -0.0070 0.9944 0.0994
1779439486.2045 5.6188 8.3695 -0.7454 0.0343 -0.0113 0.9937 0.1064
1779439486.3054 5.3501 8.4435 -0.7315 0.0328 -0.0150 0.9930 0.1123
1779439486.4045 5.0686 8.5183 -0.7244 0.0314 -0.0192 0.9928 0.1140
1779439486.5048 4.7992 8.5970 -0.7298 0.0305 -0.0201 0.9932 0.1101
1779439486.6048 4.5436 8.6590 -0.7092 0.0311 -0.0189 0.9941 0.1018
1779439486.7045 4.2757 8.6849 -0.6994 0.0314 -0.0177 0.9950 0.0932
1779439486.8050 3.9972 8.7177 -0.6981 0.0340 -0.0148 0.9957 0.0847
1779439486.9053 3.7396 8.7574 -0.6691 0.0373 -0.0103 0.9963 0.0771
1779439487.0046 3.4577 8.7868 -0.6572 0.0374 -0.0078 0.9967 0.0719
1779439487.1047 3.1774 8.8171 -0.6499 0.0398 -0.0043 0.9966 0.0721
1779439487.2037 2.9114 8.8883 -0.6493 0.0380 -0.0043 0.9965 0.0747
1779439487.4053 2.3823 8.9804 -0.6472 0.0361 -0.0096 0.9952 0.0907
1779439487.5036 2.1369 9.0628 -0.6327 0.0334 -0.0133 0.9949 0.0943
1779439487.6045 1.8736 9.1238 -0.6174 0.0331 -0.0145 0.9947 0.0966
1779439487.8045 1.3912 9.2063 -0.6336 0.0339 -0.0163 0.9950 0.0923
1779439487.9047 1.0987 9.2543 -0.6027 0.0341 -0.0152 0.9949 0.0937
1779439488.0053 0.8748 9.3018 -0.5899 0.0319 -0.0181 0.9949 0.0938
1779439488.1045 0.6416 9.3593 -0.5859 0.0325 -0.0177 0.9947 0.0955
1779439488.2053 0.3938 9.4097 -0.5668 0.0324 -0.0185 0.9950 0.0921
1779439488.3045 0.1729 9.4614 -0.5681 0.0335 -0.0192 0.9957 0.0845
1779439488.4045 -0.0624 9.4846 -0.5606 0.0352 -0.0158 0.9963 0.0770
1779439488.5047 -0.2870 9.5197 -0.5369 0.0366 -0.0151 0.9970 0.0670
1779439488.6036 -0.5130 9.5610 -0.5252 0.0385 -0.0131 0.9974 0.0595
1779439488.7037 -0.7666 9.5797 -0.5277 0.0386 -0.0130 0.9976 0.0552
1779439488.8044 -1.0065 9.6446 -0.5299 0.0380 -0.0141 0.9977 0.0549
1779439488.9035 -1.2473 9.6604 -0.5065 0.0365 -0.0127 0.9976 0.0575
1779439489.0044 -1.4942 9.6703 -0.5114 0.0358 -0.0133 0.9977 0.0552
1779439489.1034 -1.7259 9.6926 -0.5067 0.0358 -0.0137 0.9979 0.0527
1779439489.4033 -2.3854 9.7618 -0.4764 0.0399 -0.0099 0.9985 0.0364
1779439489.5036 -2.6309 9.8063 -0.4681 0.0393 -0.0058 0.9987 0.0331
1779439489.6036 -2.8792 9.8429 -0.4633 0.0395 -0.0041 0.9987 0.0310
1779439489.7033 -3.1256 9.8973 -0.4236 0.0371 -0.0027 0.9987 0.0340
1779439489.8033 -3.3518 9.9332 -0.4060 0.0350 -0.0007 0.9985 0.0419
1779439489.9036 -3.5744 9.9100 -0.4059 0.0342 0.0018 0.9982 0.0484
1779439490.0026 -3.7929 9.9709 -0.3848 0.0366 0.0032 0.9980 0.0514
1779439490.1022 -4.0386 9.9805 -0.3994 0.0393 0.0059 0.9977 0.0558
1779439490.2022 -4.2468 9.9994 -0.3953 0.0383 0.0048 0.9977 0.0552
1779439490.3033 -4.4738 10.0936 -0.3885 0.0375 0.0088 0.9977 0.0553
1779439490.4015 -4.6834 10.1222 -0.3698 0.0341 0.0071 0.9976 0.0604
1779439490.5025 -4.8917 10.2141 -0.3637 0.0299 0.0052 0.9972 0.0691
1779439490.6035 -5.1005 10.2675 -0.3793 0.0261 0.0048 0.9962 0.0832
1779439490.7023 -5.3267 10.3122 -0.3604 0.0232 0.0034 0.9952 0.0951
1779439490.8036 -5.5505 10.4016 -0.3569 0.0210 -0.0008 0.9940 0.1070
1779439490.9036 -5.7699 10.4511 -0.3773 0.0236 -0.0019 0.9925 0.1196
1779439491.0023 -5.9726 10.5567 -0.3735 0.0253 -0.0054 0.9912 0.1300
1779439491.1036 -6.1773 10.6277 -0.3549 0.0246 -0.0124 0.9894 0.1428
1779439491.2031 -6.3638 10.7054 -0.3534 0.0266 -0.0148 0.9877 0.1534
1779439491.3031 -6.5654 10.7722 -0.3866 0.0276 -0.0147 0.9869 0.1582
1779439491.4034 -6.8194 10.8094 -0.3833 0.0227 -0.0163 0.9871 0.1577
1779439491.6043 -7.1744 10.9999 -0.3865 0.0209 -0.0164 0.9880 0.1519
1779439491.7034 -7.4197 11.0580 -0.3689 0.0189 -0.0198 0.9882 0.1507
1779439491.8033 -7.5862 11.0917 -0.3832 0.0152 -0.0211 0.9886 0.1481
1779439491.9042 -7.7829 11.1159 -0.3622 0.0184 -0.0213 0.9896 0.1409
1779439492.0042 -7.9858 11.1734 -0.4082 0.0164 -0.0204 0.9914 0.1285
1779439492.1033 -8.1590 11.2531 -0.4658 0.0120 -0.0197 0.9926 0.1194
1779439492.2044 -8.3488 11.2919 -0.3997 0.0054 -0.0202 0.9934 0.1126
1779439492.3032 -8.5550 11.3600 -0.4048 0.0019 -0.0182 0.9940 0.1083
1779439492.4043 -8.7618 11.3996 -0.4541 -0.0006 -0.0163 0.9942 0.1062
1779439492.5077 -8.9671 11.4528 -0.4812 -0.0033 -0.0159 0.9946 0.1029
1779439492.6034 -9.2051 11.4837 -0.3835 -0.0067 -0.0174 0.9947 0.1010
1779439492.7076 -9.3915 11.5330 -0.4835 -0.0090 -0.0123 0.9950 0.0985
1779439492.8053 -9.6177 11.5874 -0.4570 -0.0091 -0.0127 0.9953 0.0959
1779439492.9045 -9.8338 11.6382 -0.4928 -0.0121 -0.0110 0.9954 0.0939
1779439493.0045 -10.0519 11.6997 -0.5522 -0.0155 -0.0076 0.9955 0.0930
1779439493.2042 -10.5163 11.8008 -0.4781 -0.0219 -0.0049 0.9950 0.0968
1779439493.4050 -10.9845 11.9141 -0.6262 -0.0239 -0.0070 0.9948 0.0988
1779439493.5078 -11.2503 11.9732 -0.5084 -0.0250 -0.0103 0.9945 0.1014
1779439493.6053 -11.4953 12.0296 -0.6493 -0.0188 -0.0205 0.9940 0.1056
1779439493.8064 -11.9944 12.0861 -0.6848 -0.0234 -0.0373 0.9926 0.1130
1779439493.9096 -12.2730 12.1161 -0.7858 -0.0219 -0.0435 0.9931 0.1065
1779439494.0053 -12.5228 12.1160 -0.7417 -0.0282 -0.0440 0.9941 0.0956
1779439494.1068 -12.8151 12.1258 -0.8285 -0.0334 -0.0423 0.9952 0.0813
1779439494.2051 -13.0830 12.1367 -0.7576 -0.0328 -0.0356 0.9967 0.0652
1779439494.3064 -13.3578 12.1790 -0.9803 -0.0359 -0.0313 0.9976 0.0495
1779439494.4053 -13.6664 12.1703 -0.8306 -0.0368 -0.0150 0.9986 0.0357
1779439494.5051 -13.9575 12.1803 -0.8137 -0.0385 -0.0017 0.9990 0.0221
1779439494.6044 -14.2613 12.2568 -0.8665 -0.0294 0.0094 0.9994 0.0139
1779439494.7030 -14.5713 12.3046 -0.8907 -0.0200 0.0126 0.9996 0.0173
1779439494.8045 -14.8697 12.4122 -0.9060 -0.0214 0.0142 0.9992 0.0307
1779439494.9045 -15.1792 12.4972 -0.9660 -0.0250 0.0083 0.9987 0.0426
1779439495.0053 -15.5109 12.5517 -1.0150 -0.0231 0.0005 0.9984 0.0509
1779439495.1050 -15.8761 12.5919 -0.9901 -0.0235 -0.0020 0.9980 0.0589
1779439495.2042 -16.2379 12.5774 -1.0853 -0.0208 -0.0037 0.9982 0.0561
1779439495.3043 -16.5791 12.6103 -1.0517 -0.0233 -0.0022 0.9985 0.0500
1779439495.4044 -16.9296 12.6711 -1.1191 -0.0195 0.0026 0.9986 0.0498
1779439495.5042 -17.2624 12.7482 -1.1173 -0.0217 0.0060 0.9985 0.0491
1779439495.6044 -17.6163 12.7776 -1.1504 -0.0207 0.0115 0.9983 0.0528
1779439495.7064 -17.9686 12.8899 -1.2031 -0.0206 0.0165 0.9981 0.0563
1779439495.8029 -18.3357 12.9415 -1.2406 -0.0210 0.0167 0.9979 0.0595
1779439496.0032 -19.0858 13.0816 -1.2784 -0.0235 0.0139 0.9972 0.0697
1779439496.1013 -19.4560 13.1840 -1.3173 -0.0237 0.0063 0.9968 0.0767
1779439496.2029 -19.8274 13.2616 -1.3832 -0.0228 -0.0011 0.9959 0.0872
1779439496.3013 -20.2290 13.3487 -1.3574 -0.0265 -0.0112 0.9948 0.0973
1779439496.4028 -20.6282 13.4021 -1.4525 -0.0238 -0.0196 0.9941 0.1040
1779439496.5033 -21.0572 13.4706 -1.4939 -0.0206 -0.0230 0.9947 0.0982
1779439496.6029 -21.4225 13.5558 -1.5256 -0.0200 -0.0240 0.9959 0.0848
1779439496.7030 -21.8498 13.5951 -1.5395 -0.0192 -0.0189 0.9966 0.0774
1779439496.8030 -22.2354 13.6670 -1.5601 -0.0192 -0.0159 0.9973 0.0692
1779439496.9019 -22.6383 13.7183 -1.5753 -0.0195 -0.0136 0.9977 0.0640
1779439497.0020 -23.0317 13.8056 -1.6251 -0.0196 -0.0119 0.9979 0.0604
1779439497.1013 -23.4415 13.8417 -1.6507 -0.0197 -0.0105 0.9981 0.0569
1779439497.2014 -23.8441 13.8994 -1.6471 -0.0214 -0.0053 0.9983 0.0548
1779439497.3029 -24.2520 13.9770 -1.7055 -0.0203 0.0002 0.9984 0.0535
1779439497.4013 -24.6679 14.0688 -1.7465 -0.0205 0.0030 0.9983 0.0547
1779439497.5020 -25.0996 14.1466 -1.7795 -0.0247 0.0044 0.9977 0.0632
1779439497.6030 -25.5159 14.2350 -1.8317 -0.0227 0.0029 0.9972 0.0719
1779439497.7028 -25.9621 14.3123 -1.8474 -0.0206 0.0021 0.9967 0.0780
1779439497.8030 -26.3617 14.4288 -1.9091 -0.0184 -0.0005 0.9966 0.0798
1779439497.9041 -26.8041 14.4840 -1.9302 -0.0206 -0.0020 0.9967 0.0786
1779439498.0028 -27.2361 14.5530 -1.9688 -0.0216 -0.0035 0.9967 0.0784
1779439498.1033 -27.6687 14.6365 -1.9908 -0.0212 -0.0053 0.9968 0.0774
1779439498.2018 -28.1148 14.7097 -2.0276 -0.0215 -0.0068 0.9967 0.0774
1779439498.5019 -29.4594 14.9118 -2.1416 -0.0180 -0.0097 0.9975 0.0677
1779439498.6032 -29.9033 14.9772 -2.1394 -0.0173 -0.0055 0.9981 0.0595
1779439498.7043 -30.3587 15.0386 -2.1644 -0.0168 0.0003 0.9983 0.0550
1779439498.8013 -30.8106 15.1178 -2.2004 -0.0145 0.0044 0.9984 0.0543
1779439498.9018 -31.2310 15.2247 -2.2392 -0.0140 0.0082 0.9982 0.0582
1779439499.0029 -31.7241 15.2599 -2.2566 -0.0153 0.0097 0.9978 0.0633
1779439499.1014 -32.1399 15.3903 -2.3081 -0.0144 0.0110 0.9976 0.0664
1779439499.2011 -32.6087 15.4702 -2.3383 -0.0131 0.0110 0.9974 0.0705
1779439499.3013 -33.0703 15.5502 -2.3665 -0.0135 0.0095 0.9971 0.0742
1779439499.4028 -33.5284 15.6466 -2.4058 -0.0130 0.0069 0.9969 0.0775
1779439499.5012 -33.9893 15.7451 -2.4431 -0.0125 0.0043 0.9966 0.0812
1779439499.6019 -34.4440 15.8486 -2.4775 -0.0137 -0.0001 0.9964 0.0839
1779439499.7027 -34.9016 15.9435 -2.5076 -0.0142 -0.0057 0.9962 0.0853
1779439499.8027 -35.3379 16.0523 -2.5307 -0.0141 -0.0098 0.9965 0.0820
1779439500.0030 -36.2691 16.1998 -2.5808 -0.0081 -0.0132 0.9975 0.0687
1779439500.1018 -36.7375 16.2608 -2.5884 -0.0063 -0.0106 0.9980 0.0613
1779439500.2027 -37.2230 16.2926 -2.5903 -0.0081 -0.0061 0.9984 0.0562
