1779440534.1021 0.0000 0.0000 0.0000 0.0000 0.0000 0.0000 1.0000
1779440534.2037 0.2041 0.0431 0.0082 0.0039 0.0022 0.0138 0.9999
1779440534.4037 0.6134 0.0995 -0.0470 0.0103 0.0094 0.0295 0.9995
1779440534.5031 0.8119 0.0867 -0.0626 0.0141 0.0201 0.0246 0.9994
1779440534.6029 0.9919 0.1132 -0.0801 0.0165 0.0281 0.0226 0.9992
1779440534.8031 1.3650 0.1125 -0.0977 0.0236 0.0485 0.0252 0.9982
1779440534.9021 1.5232 0.1096 -0.1656 0.0255 0.0561 0.0228 0.9978
1779440535.0037 1.7429 0.0747 -0.1541 0.0291 0.0633 0.0159 0.9974
1779440535.1029 1.9370 0.0453 -0.1578 0.0316 0.0665 0.0052 0.9973
1779440535.2029 2.1096 0.0327 -0.2381 0.0304 0.0658 -0.0027 0.9974
1779440535.4030 2.5016 -0.0286 -0.2833 0.0269 0.0645 -0.0199 0.9974
1779440535.5030 2.6941 -0.0597 -0.3311 0.0222 0.0638 -0.0284 0.9973
1779440535.6020 2.8804 -0.0907 -0.3821 0.0156 0.0638 -0.0366 0.9972
1779440535.7032 3.0842 -0.1079 -0.4183 0.0091 0.0656 -0.0450 0.9968
1779440535.8039 3.2928 -0.1545 -0.4607 0.0042 0.0662 -0.0530 0.9964
1779440535.9019 3.5148 -0.2137 -0.4790 0.0023 0.0671 -0.0610 0.9959
1779440536.0036 3.7195 -0.2627 -0.5092 0.0013 0.0673 -0.0668 0.9955
1779440536.1028 3.9182 -0.2814 -0.5462 0.0003 0.0670 -0.0670 0.9955
1779440536.2028 4.1303 -0.3127 -0.5867 -0.0002 0.0665 -0.0643 0.9957
1779440536.4022 4.5655 -0.3606 -0.6506 0.0036 0.0681 -0.0614 0.9958
1779440536.5038 4.7899 -0.3876 -0.7054 0.0050 0.0670 -0.0593 0.9960
1779440536.6037 5.0149 -0.4099 -0.7168 0.0072 0.0663 -0.0565 0.9962
1779440536.7029 5.2165 -0.4244 -0.7750 0.0072 0.0659 -0.0533 0.9964
1779440536.8021 5.4396 -0.4560 -0.8192 0.0072 0.0643 -0.0489 0.9967
1779440536.9030 5.6436 -0.4737 -0.9273 0.0054 0.0706 -0.0447 0.9965
1779440537.0031 5.8601 -0.4671 -0.9921 0.0050 0.0841 -0.0414 0.9956
1779440537.1055 6.0712 -0.4674 -1.0735 0.0060 0.0955 -0.0376 0.9947
1779440537.2053 6.2845 -0.4878 -1.1410 0.0076 0.1081 -0.0345 0.9935
1779440537.3059 6.5027 -0.5027 -1.2055 0.0097 0.1198 -0.0304 0.9923
1779440537.4059 6.7487 -0.5144 -1.2061 0.0142 0.1290 -0.0268 0.9912
1779440537.5056 6.9865 -0.5401 -1.2669 0.0184 0.1280 -0.0242 0.9913
1779440537.6058 7.2425 -0.5721 -1.3396 0.0194 0.1271 -0.0236 0.9914
1779440537.7060 7.4914 -0.5911 -1.4417 0.0212 0.1259 -0.0274 0.9914
1779440537.8056 7.7536 -0.6254 -1.4979 0.0241 0.1293 -0.0312 0.9908
1779440537.9058 8.0300 -0.6545 -1.5871 0.0259 0.1277 -0.0347 0.9909
1779440538.0066 8.2920 -0.7025 -1.6831 0.0258 0.1278 -0.0380 0.9907
1779440538.2060 8.8302 -0.8057 -1.8661 0.0187 0.1279 -0.0504 0.9903
1779440538.3059 9.0893 -0.8461 -1.9241 0.0144 0.1307 -0.0587 0.9896
1779440538.4059 9.3447 -0.8743 -1.9921 0.0107 0.1301 -0.0610 0.9896
1779440538.5080 9.6086 -0.9160 -2.0863 0.0089 0.1285 -0.0595 0.9899
1779440538.6068 9.8612 -0.9299 -2.1685 0.0078 0.1296 -0.0570 0.9899
1779440538.8085 10.3731 -0.9889 -2.3253 0.0063 0.1299 -0.0546 0.9900
1779440538.9068 10.6054 -1.0298 -2.4051 0.0049 0.1306 -0.0549 0.9899
1779440539.0080 10.8515 -1.0492 -2.4677 0.0039 0.1293 -0.0533 0.9902
1779440539.1078 11.0911 -1.0665 -2.5397 0.0035 0.1298 -0.0499 0.9903
1779440539.2080 11.3238 -1.0767 -2.6116 0.0041 0.1285 -0.0418 0.9908
1779440539.4067 11.7726 -1.0856 -2.7498 0.0075 0.1279 -0.0334 0.9912
1779440539.5077 12.0138 -1.1083 -2.7978 0.0081 0.1270 -0.0304 0.9914
1779440539.6066 12.2344 -1.1199 -2.8597 0.0097 0.1265 -0.0304 0.9915
1779440539.7077 12.4544 -1.1229 -2.9376 0.0105 0.1249 -0.0276 0.9917
1779440539.8086 12.6982 -1.1200 -3.1331 0.0124 0.1225 -0.0245 0.9921
1779440539.9081 12.9016 -1.1547 -3.1363 0.0181 0.1549 -0.0224 0.9875
1779440540.0098 13.1454 -1.1691 -3.2498 0.0190 0.1528 -0.0205 0.9879
1779440540.1080 13.4281 -1.1676 -3.2979 0.0213 0.1490 -0.0215 0.9884
1779440540.2086 13.7291 -1.2027 -3.3264 0.0228 0.1489 -0.0232 0.9883
1779440540.4079 14.3684 -1.2572 -3.4938 0.0264 0.1144 -0.0256 0.9928
1779440540.5081 14.6642 -1.2825 -3.6752 0.0276 0.1173 -0.0274 0.9923
1779440540.6102 14.9964 -1.3685 -3.6548 0.0308 0.1057 -0.0335 0.9934
1779440540.7098 15.3293 -1.4216 -3.6763 0.0276 0.1024 -0.0425 0.9935
1779440540.8102 15.6593 -1.5209 -3.7271 0.0188 0.0807 -0.0579 0.9949
1779440540.9102 15.9837 -1.5572 -3.8453 0.0081 0.0655 -0.0743 0.9950
1779440541.0099 16.3098 -1.6092 -3.9034 0.0003 0.0631 -0.0837 0.9945
1779440541.1102 16.6458 -1.6630 -3.9177 -0.0038 0.0664 -0.0854 0.9941
1779440541.2100 16.9870 -1.7139 -4.0181 -0.0056 0.0652 -0.0833 0.9944
1779440541.3116 17.3240 -1.7901 -4.0839 -0.0045 0.0651 -0.0838 0.9943
1779440541.4116 17.6601 -1.8267 -4.1083 -0.0052 0.0666 -0.0844 0.9942
1779440541.5101 18.0099 -1.8670 -4.1746 -0.0052 0.0635 -0.0832 0.9945
1779440541.6118 18.3459 -1.8955 -4.2353 -0.0063 0.0656 -0.0761 0.9949
1779440541.7118 18.6850 -1.9427 -4.3098 -0.0085 0.0640 -0.0705 0.9954
1779440542.0119 19.7013 -2.0747 -4.4872 -0.0076 0.0767 -0.0590 0.9953
1779440542.2118 20.3886 -2.1590 -4.6203 -0.0007 0.0760 -0.0511 0.9958
1779440542.3098 20.7200 -2.1814 -4.6902 0.0007 0.0780 -0.0473 0.9958
1779440542.4103 21.0781 -2.1773 -4.7626 -0.0003 0.0793 -0.0398 0.9961
1779440542.5116 21.4296 -2.1984 -4.8291 -0.0003 0.0802 -0.0341 0.9962
1779440542.6101 21.7841 -2.2254 -4.9046 -0.0002 0.0793 -0.0310 0.9964
1779440542.8103 22.5136 -2.2731 -5.0359 0.0041 0.0791 -0.0293 0.9964
1779440542.9106 22.8776 -2.2963 -5.1271 0.0061 0.0764 -0.0272 0.9967
1779440543.0100 23.2532 -2.3265 -5.1935 0.0113 0.0745 -0.0264 0.9968
1779440543.1080 23.6152 -2.3595 -5.2610 0.0158 0.0754 -0.0271 0.9967
1779440543.2087 23.9738 -2.3933 -5.3276 0.0160 0.0738 -0.0277 0.9968
1779440543.3102 24.3465 -2.4392 -5.4093 0.0163 0.0746 -0.0312 0.9966
1779440543.4115 24.7039 -2.4939 -5.4826 0.0158 0.0751 -0.0379 0.9963
1779440543.7067 25.8229 -2.6503 -5.7093 0.0124 0.0752 -0.0548 0.9956
1779440543.8066 26.1980 -2.7086 -5.7817 0.0092 0.0773 -0.0582 0.9953
1779440544.0077 26.9592 -2.7796 -5.9299 -0.0068 0.0762 -0.0601 0.9953
1779440544.1064 27.3395 -2.7958 -5.9977 -0.0094 0.0778 -0.0564 0.9953
1779440544.3085 28.1177 -2.8827 -6.1297 -0.0128 0.0775 -0.0489 0.9957
1779440544.4085 28.5010 -2.8999 -6.1799 -0.0130 0.0769 -0.0441 0.9960
1779440544.5123 28.8902 -2.8927 -6.2758 -0.0094 0.0758 -0.0354 0.9965
1779440544.6076 29.2893 -2.9194 -6.3164 -0.0061 0.0751 -0.0221 0.9969
1779440544.7064 29.6700 -2.9444 -6.4091 -0.0001 0.0726 -0.0133 0.9973
1779440544.8076 30.0647 -2.9879 -6.4932 -0.0010 0.0732 -0.0131 0.9972
1779440544.9084 30.4341 -3.0020 -6.5535 -0.0046 0.0723 -0.0230 0.9971
1779440545.0084 30.8213 -3.0083 -6.6048 -0.0108 0.0728 -0.0249 0.9970
1779440545.1077 31.2028 -2.9990 -6.6963 -0.0132 0.0713 -0.0198 0.9972
1779440545.2076 31.5884 -2.9770 -6.7497 -0.0139 0.0716 -0.0111 0.9973
1779440545.4074 32.3510 -2.9458 -6.8448 -0.0071 0.0685 0.0089 0.9976
1779440545.5066 32.7276 -2.9268 -6.8919 0.0005 0.0692 0.0176 0.9975
1779440545.6079 33.0975 -2.9015 -7.0203 0.0122 0.0636 0.0267 0.9975
1779440545.8083 33.8408 -2.9107 -7.1209 0.0375 0.0646 0.0344 0.9966
1779440545.9079 34.2337 -2.9310 -7.1845 0.0476 0.0644 0.0301 0.9963
1779440546.0079 34.6005 -2.9674 -7.2854 0.0537 0.0627 0.0148 0.9965
1779440546.1056 34.9619 -3.0189 -7.3335 0.0543 0.0644 -0.0041 0.9964
1779440546.2066 35.3251 -3.0705 -7.3925 0.0515 0.0652 -0.0237 0.9963
1779440546.3064 35.6828 -3.1472 -7.4667 0.0464 0.0652 -0.0429 0.9959
1779440546.4064 36.0414 -3.2377 -7.5290 0.0387 0.0642 -0.0608 0.9953
1779440546.6075 36.7121 -3.4062 -7.6198 0.0202 0.0677 -0.0880 0.9936
1779440546.8082 37.3800 -3.5655 -7.7738 0.0016 0.0707 -0.0999 0.9925
1779440547.0078 38.0408 -3.6688 -7.9238 -0.0142 0.0742 -0.0985 0.9923
1779440547.1065 38.3837 -3.7157 -7.9824 -0.0176 0.0758 -0.0892 0.9930
1779440547.2064 38.7259 -3.7185 -8.0232 -0.0192 0.0774 -0.0749 0.9940
1779440547.3065 39.0756 -3.7778 -8.0884 -0.0161 0.0775 -0.0613 0.9950
1779440547.4057 39.4108 -3.7744 -8.1514 -0.0101 0.0763 -0.0513 0.9957
1779440547.5063 39.7549 -3.7901 -8.1882 -0.0024 0.0739 -0.0406 0.9964
1779440547.6065 40.0757 -3.8083 -8.2605 0.0061 0.0753 -0.0299 0.9967
1779440547.7055 40.4013 -3.8194 -8.3396 0.0168 0.0727 -0.0222 0.9970
1779440547.8052 40.7425 -3.8441 -8.3789 0.0245 0.0739 -0.0190 0.9968
1779440547.9055 41.0892 -3.9015 -8.4294 0.0300 0.0709 -0.0278 0.9966
1779440548.1027 41.7305 -4.0033 -8.5574 0.0313 0.0683 -0.0511 0.9959
1779440548.2049 42.0545 -4.0677 -8.6175 0.0295 0.0687 -0.0603 0.9954
1779440548.4028 42.6830 -4.1789 -8.7203 0.0213 0.0657 -0.0782 0.9945
1779440548.5033 42.9928 -4.2537 -8.7858 0.0192 0.0655 -0.0866 0.9939
1779440548.8053 43.8732 -4.4709 -8.9269 0.0087 0.0672 -0.0996 0.9927
1779440548.9052 44.1872 -4.5181 -8.9890 0.0047 0.0638 -0.1038 0.9925
1779440549.0033 44.4731 -4.6131 -9.0209 0.0017 0.0622 -0.1055 0.9925
1779440549.1034 44.7588 -4.6989 -9.0686 0.0020 0.0590 -0.1021 0.9930
1779440549.2028 45.0293 -4.7264 -9.1337 0.0077 0.0570 -0.0962 0.9937
1779440549.3035 45.3185 -4.7773 -9.1320 0.0130 0.0546 -0.0885 0.9945
1779440549.4024 45.6155 -4.8018 -9.1487 0.0175 0.0491 -0.0885 0.9947
1779440549.5016 45.8677 -4.8606 -9.2456 0.0221 0.0444 -0.0954 0.9942
1779440549.6025 46.1247 -4.9452 -9.3132 0.0254 0.0424 -0.0977 0.9940
1779440549.7049 46.3713 -5.0082 -9.3496 0.0313 0.0447 -0.1034 0.9931
1779440550.0049 47.0646 -5.2416 -9.4356 0.0443 0.0507 -0.1208 0.9904
1779440550.1032 47.2713 -5.3299 -9.4926 0.0468 0.0511 -0.1293 0.9892
1779440550.2050 47.4899 -5.4608 -9.5410 0.0474 0.0497 -0.1443 0.9871
1779440550.3051 47.6669 -5.5912 -9.5901 0.0468 0.0553 -0.1623 0.9841
1779440550.4052 47.8578 -5.7345 -9.6258 0.0420 0.0603 -0.1837 0.9802
1779440550.7048 48.3327 -6.1188 -9.7150 0.0096 0.0736 -0.2494 0.9656
1779440550.8053 48.4852 -6.2508 -9.7412 -0.0035 0.0776 -0.2666 0.9607
1779440550.9047 48.6394 -6.3643 -9.7621 -0.0173 0.0822 -0.2780 0.9569
1779440551.0051 48.7972 -6.4678 -9.8263 -0.0303 0.0855 -0.2827 0.9549
1779440551.1026 48.9913 -6.5698 -9.8739 -0.0404 0.0900 -0.2803 0.9548
1779440551.2051 49.1994 -6.6580 -9.9023 -0.0503 0.0934 -0.2701 0.9570
1779440551.3047 49.4094 -6.7274 -9.9603 -0.0578 0.0949 -0.2543 0.9607
1779440551.4032 49.6322 -6.7934 -10.0072 -0.0632 0.0949 -0.2337 0.9656
1779440551.6050 50.0482 -6.8242 -10.1196 -0.0732 0.0931 -0.1805 0.9764
1779440551.7047 50.2748 -6.8300 -10.1508 -0.0755 0.0889 -0.1428 0.9829
1779440551.8026 50.5033 -6.7297 -10.1653 -0.0750 0.0849 -0.0986 0.9887
1779440551.9047 50.7110 -6.6498 -10.1905 -0.0692 0.0789 -0.0491 0.9933
1779440552.0034 50.9109 -6.4998 -10.2056 -0.0619 0.0745 -0.0008 0.9953
1779440552.1027 51.0878 -6.3396 -10.2151 -0.0550 0.0683 0.0474 0.9950
1779440552.2016 51.2706 -6.1913 -10.2547 -0.0496 0.0619 0.0965 0.9922
1779440552.3033 51.4120 -6.0243 -10.2653 -0.0457 0.0576 0.1396 0.9875
1779440552.4032 51.5677 -5.8914 -10.2844 -0.0435 0.0542 0.1773 0.9817
1779440552.5062 51.7096 -5.6835 -10.3048 -0.0415 0.0526 0.2108 0.9752
1779440552.6064 51.8447 -5.5139 -10.3157 -0.0410 0.0497 0.2472 0.9668
1779440552.7049 51.9749 -5.3379 -10.3262 -0.0392 0.0461 0.2834 0.9571
1779440552.8048 52.0779 -5.1252 -10.3227 -0.0382 0.0418 0.3183 0.9463
1779440552.9047 52.1949 -4.9195 -10.3326 -0.0367 0.0353 0.3546 0.9336
1779440553.0049 52.2855 -4.6997 -10.3324 -0.0357 0.0282 0.3897 0.9198
1779440553.1063 52.3294 -4.4621 -10.3397 -0.0335 0.0199 0.4256 0.9041
1779440553.2063 52.3211 -4.2378 -10.3416 -0.0318 0.0111 0.4642 0.8851
1779440553.3075 52.3242 -4.0019 -10.3256 -0.0294 0.0010 0.5099 0.8597
1779440553.4077 52.3327 -3.8081 -10.3177 -0.0252 -0.0118 0.5585 0.8291
1779440553.5072 52.2927 -3.5981 -10.2854 -0.0203 -0.0259 0.6080 0.7932
1779440553.6063 52.1709 -3.3633 -10.2509 -0.0114 -0.0420 0.6594 0.7505
1779440553.7073 52.0218 -3.1390 -10.2107 -0.0002 -0.0563 0.7091 0.7029
1779440553.8049 51.8851 -2.9648 -10.1649 0.0138 -0.0663 0.7571 0.6498
1779440554.0048 51.3728 -2.7952 -10.1008 0.0357 -0.0771 0.8223 0.5627
1779440554.1023 51.3040 -2.5172 -10.1623 0.0550 -0.0875 0.8722 0.4782
1779440554.2022 51.0743 -2.4159 -10.0283 0.0656 -0.0851 0.8983 0.4259
1779440554.3023 50.8454 -2.3523 -9.9365 0.0745 -0.0823 0.9195 0.3770
1779440554.4024 50.6750 -2.3004 -9.8944 0.0808 -0.0790 0.9359 0.3336
1779440554.5032 50.4619 -2.2610 -9.8676 0.0843 -0.0753 0.9475 0.2990
1779440554.6031 50.2528 -2.1721 -9.8236 0.0835 -0.0790 0.9572 0.2657
1779440554.8026 49.8541 -2.0786 -9.7511 0.0834 -0.0915 0.9683 0.2171
1779440554.9026 49.6273 -2.0954 -9.6917 0.0815 -0.1004 0.9714 0.1989
1779440555.0031 49.4087 -2.0750 -9.6531 0.0822 -0.1093 0.9747 0.1768
1779440555.1024 49.1557 -2.0700 -9.6246 0.0854 -0.1144 0.9791 0.1451
1779440555.2022 48.9147 -2.1530 -9.5796 0.0874 -0.1200 0.9840 0.0987
1779440555.3031 48.6915 -2.1988 -9.5671 0.0932 -0.1194 0.9872 0.0509
1779440555.4030 48.4728 -2.2406 -9.5510 0.0999 -0.1151 0.9883 0.0039
1779440555.5060 48.2652 -2.3681 -9.5297 0.1045 -0.1071 0.9874 -0.0517
1779440555.6063 48.0691 -2.4905 -9.5191 0.1074 -0.0910 0.9842 -0.1074
1779440555.7072 47.9056 -2.6618 -9.4825 0.1043 -0.0699 0.9800 -0.1542
1779440555.8075 47.7344 -2.7682 -9.4547 0.0978 -0.0551 0.9767 -0.1830
1779440555.9095 47.5386 -2.8197 -9.3909 0.0885 -0.0365 0.9773 -0.1891
1779440556.0094 47.3363 -2.9095 -9.3407 0.0868 -0.0267 0.9765 -0.1955
1779440556.1107 47.1111 -2.9080 -9.3230 0.0836 -0.0210 0.9787 -0.1863
1779440556.2098 46.8385 -2.9310 -9.2825 0.0818 -0.0172 0.9836 -0.1595
1779440556.3100 46.5986 -2.9356 -9.2457 0.0813 -0.0245 0.9872 -0.1350
1779440556.4111 46.3228 -2.9147 -9.1927 0.0806 -0.0233 0.9915 -0.0997
1779440556.5097 45.9964 -2.8773 -9.1668 0.0835 -0.0271 0.9929 -0.0798
1779440556.6097 45.7072 -2.9002 -9.1560 0.0832 -0.0313 0.9931 -0.0768
1779440556.7093 45.4106 -2.9426 -9.0923 0.0778 -0.0270 0.9938 -0.0748
1779440556.8093 45.1353 -3.0348 -9.0633 0.0759 -0.0294 0.9933 -0.0821
1779440556.9096 44.8379 -3.0320 -9.0236 0.0769 -0.0293 0.9932 -0.0825
1779440557.0081 44.5178 -3.0890 -8.9863 0.0831 -0.0344 0.9930 -0.0762
1779440557.1076 44.2075 -3.1261 -8.9531 0.0872 -0.0380 0.9929 -0.0720
1779440557.2075 43.8622 -3.1801 -8.8978 0.0875 -0.0387 0.9931 -0.0675
1779440557.3076 43.5414 -3.2323 -8.8506 0.0873 -0.0372 0.9929 -0.0717
1779440557.4073 43.2008 -3.2724 -8.8122 0.0926 -0.0322 0.9924 -0.0742
1779440557.6062 42.5335 -3.2879 -8.6967 0.0948 -0.0179 0.9924 -0.0766
1779440557.7072 42.1836 -3.3466 -8.6443 0.0927 -0.0134 0.9928 -0.0747
1779440557.8073 41.8457 -3.3754 -8.5979 0.0950 -0.0124 0.9930 -0.0687
1779440557.9061 41.4976 -3.4048 -8.5265 0.0985 -0.0148 0.9936 -0.0540
1779440558.0079 41.1474 -3.3749 -8.4634 0.0989 -0.0177 0.9943 -0.0368
1779440558.1072 40.7752 -3.3680 -8.4032 0.1002 -0.0214 0.9945 -0.0206
1779440558.2072 40.4193 -3.3583 -8.3266 0.0992 -0.0235 0.9947 -0.0139
1779440558.3061 40.0687 -3.3736 -8.2719 0.1023 -0.0246 0.9943 -0.0169
1779440558.4062 39.6883 -3.3550 -8.1836 0.1042 -0.0241 0.9941 -0.0168
1779440558.5071 39.3128 -3.3754 -8.1256 0.1022 -0.0305 0.9942 -0.0157
1779440558.6053 38.9661 -3.3730 -8.0841 0.0992 -0.0337 0.9944 -0.0138
1779440558.7059 38.5790 -3.3821 -8.0572 0.1008 -0.0383 0.9941 -0.0095
1779440558.8071 38.2095 -3.4010 -7.9695 0.0964 -0.0401 0.9945 -0.0066
1779440559.0061 37.4618 -3.3602 -7.8440 0.0995 -0.0387 0.9943 -0.0036
1779440559.1058 37.0821 -3.3434 -7.7874 0.1001 -0.0402 0.9941 -0.0079
1779440559.2071 36.7165 -3.3346 -7.7135 0.0988 -0.0406 0.9942 -0.0152
1779440559.4061 35.9672 -3.3919 -7.6144 0.0988 -0.0348 0.9940 -0.0325
1779440559.5092 35.5816 -3.3984 -7.5560 0.1010 -0.0319 0.9937 -0.0368
1779440559.6095 35.1986 -3.4316 -7.4859 0.0990 -0.0302 0.9941 -0.0314
1779440559.7074 34.8026 -3.4411 -7.4251 0.1006 -0.0287 0.9942 -0.0234
1779440559.8091 34.4073 -3.4385 -7.3490 0.0998 -0.0296 0.9944 -0.0194
1779440560.0101 33.6429 -3.4406 -7.2389 0.1009 -0.0270 0.9945 -0.0079
1779440560.1091 33.2490 -3.4007 -7.1550 0.0988 -0.0293 0.9947 -0.0052
1779440560.2073 32.8623 -3.3617 -7.0914 0.1009 -0.0341 0.9943 -0.0046
1779440560.3078 32.4673 -3.3687 -7.0284 0.0995 -0.0400 0.9942 -0.0025
1779440560.4092 32.0658 -3.4018 -6.9536 0.0987 -0.0462 0.9940 0.0005
1779440560.5072 31.6627 -3.3966 -6.9086 0.1024 -0.0522 0.9934 0.0002
1779440560.7052 30.8889 -3.4154 -6.7810 0.1045 -0.0557 0.9928 -0.0203
1779440560.8073 30.4647 -3.4498 -6.7012 0.1043 -0.0522 0.9927 -0.0299
1779440560.9070 30.0799 -3.4930 -6.6239 0.1032 -0.0467 0.9928 -0.0384
1779440561.0071 29.6673 -3.5167 -6.5592 0.1050 -0.0391 0.9927 -0.0446
1779440561.2050 28.8897 -3.5701 -6.4102 0.1065 -0.0294 0.9923 -0.0553
1779440561.3069 28.5053 -3.6270 -6.3379 0.1050 -0.0263 0.9929 -0.0489
1779440561.4069 28.1050 -3.6567 -6.2814 0.1057 -0.0263 0.9934 -0.0371
1779440561.5051 27.7109 -3.6503 -6.2015 0.1043 -0.0300 0.9936 -0.0298
1779440561.6059 27.2887 -3.6196 -6.1250 0.1075 -0.0330 0.9934 -0.0238
1779440561.7052 26.8880 -3.6032 -6.0360 0.1093 -0.0318 0.9932 -0.0237
1779440561.8052 26.4817 -3.6376 -5.9870 0.1087 -0.0320 0.9932 -0.0273
1779440561.9060 26.0880 -3.6820 -5.8978 0.1098 -0.0276 0.9932 -0.0282
1779440562.0073 25.7057 -3.6663 -5.8209 0.1075 -0.0237 0.9935 -0.0294
1779440562.1069 25.2991 -3.6592 -5.7755 0.1091 -0.0253 0.9932 -0.0311
1779440562.2058 24.9108 -3.6629 -5.6707 0.1085 -0.0268 0.9934 -0.0266
1779440562.4058 24.0982 -3.6740 -5.5323 0.1102 -0.0341 0.9932 -0.0126
1779440562.5074 23.6995 -3.6347 -5.4336 0.1076 -0.0350 0.9935 -0.0101
1779440562.6058 23.3299 -3.6196 -5.3817 0.1074 -0.0358 0.9935 -0.0083
1779440562.7051 22.9152 -3.6521 -5.2939 0.1096 -0.0367 0.9933 -0.0075
1779440562.8073 22.5097 -3.6460 -5.2189 0.1073 -0.0356 0.9935 -0.0109
1779440562.9071 22.1063 -3.6786 -5.1582 0.1072 -0.0342 0.9935 -0.0170
1779440563.0057 21.7089 -3.7152 -5.0726 0.1064 -0.0302 0.9936 -0.0216
1779440563.1046 21.3059 -3.7260 -5.0048 0.1063 -0.0303 0.9936 -0.0248
1779440563.2046 20.9283 -3.7426 -4.9584 0.1074 -0.0317 0.9935 -0.0210
1779440563.3053 20.5490 -3.7559 -4.8827 0.1072 -0.0343 0.9936 -0.0104
1779440563.4058 20.1891 -3.7275 -4.8389 0.1045 -0.0414 0.9936 -0.0042
1779440563.5057 19.7628 -3.7218 -4.7495 0.1028 -0.0441 0.9937 0.0017
1779440563.6059 19.3701 -3.7448 -4.6768 0.1021 -0.0459 0.9937 0.0024
1779440563.9065 18.1700 -3.7472 -4.4860 0.1029 -0.0442 0.9936 -0.0139
1779440564.0052 17.7762 -3.7753 -4.4148 0.1002 -0.0429 0.9939 -0.0174
1779440564.1058 17.3657 -3.7968 -4.3427 0.0992 -0.0424 0.9939 -0.0216
1779440564.2059 16.9693 -3.8183 -4.2730 0.0973 -0.0442 0.9939 -0.0258
1779440564.4073 16.1946 -3.8876 -4.1660 0.0979 -0.0485 0.9937 -0.0242
1779440564.5069 15.8301 -3.9289 -4.1068 0.0951 -0.0474 0.9941 -0.0232
1779440564.6077 15.4256 -3.9811 -4.0727 0.0949 -0.0440 0.9942 -0.0258
1779440564.7091 15.0406 -4.0348 -3.9965 0.0951 -0.0384 0.9941 -0.0348
1779440564.8071 14.5933 -4.0258 -3.9037 0.0973 -0.0331 0.9941 -0.0345
1779440564.9060 14.1582 -4.0625 -3.7844 0.1258 -0.0304 0.9911 -0.0306
1779440565.0057 13.7095 -4.0829 -3.6325 0.1480 -0.0339 0.9880 -0.0272
1779440565.1046 13.3265 -4.0573 -3.5146 0.1546 -0.0344 0.9872 -0.0199
1779440565.2045 12.9248 -4.0454 -3.4920 0.1616 -0.0391 0.9859 -0.0178
1779440565.3028 12.5521 -4.0920 -3.2822 0.1791 -0.0422 0.9828 -0.0165
1779440565.4042 12.1110 -4.1803 -3.4124 0.1760 -0.0401 0.9833 -0.0210
1779440565.6028 11.4503 -4.1761 -2.9792 0.1625 -0.0348 0.9856 -0.0311
1779440565.7046 11.1542 -4.1963 -2.8272 0.1562 -0.0306 0.9867 -0.0337
1779440565.8027 10.8343 -4.2042 -2.7391 0.1572 -0.0319 0.9866 -0.0285
1779440565.9020 10.5175 -4.1948 -2.6575 0.1559 -0.0332 0.9869 -0.0228
1779440566.0028 10.2040 -4.1718 -2.5461 0.1564 -0.0361 0.9869 -0.0173
1779440566.1028 9.9081 -4.2039 -2.4789 0.1585 -0.0401 0.9865 -0.0089
1779440566.2021 9.6295 -4.1882 -2.3603 0.1586 -0.0453 0.9863 -0.0026
1779440566.4028 9.0220 -4.2131 -2.2796 0.1566 -0.0486 0.9865 -0.0031
1779440566.7019 8.1676 -4.2824 -2.0079 0.1566 -0.0424 0.9864 -0.0262
1779440566.8028 7.9077 -4.2724 -1.9254 0.1599 -0.0406 0.9859 -0.0271
1779440566.9021 7.6812 -4.2885 -1.7945 0.1596 -0.0376 0.9862 -0.0226
1779440567.0028 7.4185 -4.2790 -1.8144 0.1586 -0.0392 0.9863 -0.0209
1779440567.1011 7.1530 -4.2916 -1.7772 0.1607 -0.0375 0.9861 -0.0188
1779440567.2019 6.9163 -4.2907 -1.6772 0.1584 -0.0373 0.9865 -0.0196
1779440567.3021 6.6822 -4.2652 -1.6128 0.1573 -0.0357 0.9867 -0.0209
1779440567.4011 6.4478 -4.3074 -1.5186 0.1583 -0.0355 0.9865 -0.0214
1779440567.5020 6.2153 -4.3124 -1.5110 0.1602 -0.0367 0.9862 -0.0211
1779440567.6028 5.9800 -4.3185 -1.4776 0.1626 -0.0385 0.9857 -0.0198
1779440567.7027 5.7667 -4.3379 -1.4386 0.1635 -0.0408 0.9855 -0.0187
1779440567.8021 5.5599 -4.3687 -1.3246 0.1618 -0.0427 0.9857 -0.0179
1779440567.9028 5.3621 -4.3656 -1.3115 0.1622 -0.0443 0.9856 -0.0168
1779440568.0019 5.1057 -4.3777 -1.4321 0.1569 -0.0464 0.9864 -0.0161
1779440568.1021 4.9002 -4.4028 -1.3240 0.1437 -0.0477 0.9883 -0.0164
1779440568.2011 4.6821 -4.4333 -1.2721 0.1316 -0.0472 0.9900 -0.0191
1779440568.3020 4.4917 -4.4351 -1.2706 0.1228 -0.0454 0.9910 -0.0264
1779440568.4028 4.3011 -4.4813 -1.2010 0.1113 -0.0451 0.9922 -0.0337
1779440568.5026 4.1345 -4.4889 -1.0717 0.0992 -0.0439 0.9933 -0.0395
1779440568.7027 3.7930 -4.5190 -0.9444 0.0976 -0.0452 0.9933 -0.0433
1779440568.9027 3.3775 -4.5390 -0.9466 0.0980 -0.0453 0.9934 -0.0398
1779440569.0040 3.1932 -4.5771 -0.8634 0.0969 -0.0449 0.9934 -0.0416
1779440569.1019 2.9977 -4.6220 -0.8506 0.0978 -0.0466 0.9929 -0.0495
1779440569.2016 2.8088 -4.6449 -0.7699 0.0957 -0.0442 0.9927 -0.0587
1779440569.3018 2.6188 -4.7018 -0.7449 0.0948 -0.0408 0.9924 -0.0664
1779440569.4020 2.4015 -4.7497 -0.7224 0.0946 -0.0369 0.9919 -0.0766
1779440569.6019 2.0216 -4.8156 -0.6916 0.0945 -0.0279 0.9911 -0.0892
1779440569.7020 1.8211 -4.8408 -0.5984 0.0924 -0.0231 0.9916 -0.0878
1779440569.9019 1.4290 -4.8672 -0.5464 0.0933 -0.0172 0.9925 -0.0776
1779440570.2027 0.7916 -4.8381 -0.4581 0.0955 -0.0187 0.9947 -0.0339
1779440570.4042 0.4023 -4.7601 -0.5208 0.1000 -0.0260 0.9946 -0.0030
1779440570.5044 0.2189 -4.7375 -0.4634 0.0992 -0.0294 0.9946 0.0112
1779440570.6024 0.0186 -4.6972 -0.5179 0.0957 -0.0318 0.9947 0.0221
1779440570.7045 -0.2000 -4.6665 -0.5904 0.0893 -0.0354 0.9949 0.0299
1779440570.8046 -0.4000 -4.6296 -0.6152 0.0810 -0.0381 0.9953 0.0368
1779440570.9047 -0.5829 -4.6053 -0.5416 0.0669 -0.0403 0.9962 0.0389
1779440571.0054 -0.7585 -4.6013 -0.5404 0.0574 -0.0441 0.9968 0.0336
1779440571.1051 -0.9350 -4.6025 -0.5403 0.0489 -0.0459 0.9974 0.0275
1779440571.2065 -1.1133 -4.6099 -0.4278 0.0404 -0.0465 0.9978 0.0251
1779440571.3067 -1.3037 -4.6278 -0.3643 0.0377 -0.0470 0.9980 0.0194
1779440571.4047 -1.5286 -4.6209 -0.3781 0.0407 -0.0472 0.9980 0.0119
1779440571.5069 -1.7607 -4.6329 -0.3825 0.0405 -0.0466 0.9981 0.0030
1779440571.6057 -1.9737 -4.6686 -0.3754 0.0410 -0.0453 0.9981 -0.0055
1779440571.8067 -2.4568 -4.7047 -0.3824 0.0426 -0.0430 0.9979 -0.0226
1779440571.9066 -2.7115 -4.7181 -0.3338 0.0408 -0.0413 0.9980 -0.0268
1779440572.0066 -2.9654 -4.7113 -0.3815 0.0420 -0.0387 0.9980 -0.0287
1779440572.1070 -3.2077 -4.7568 -0.3526 0.0399 -0.0387 0.9980 -0.0305
1779440572.2056 -3.4513 -4.7651 -0.3004 0.0391 -0.0397 0.9980 -0.0308
1779440572.3068 -3.7193 -4.7506 -0.3152 0.0419 -0.0395 0.9980 -0.0276
1779440572.4069 -3.9758 -4.7591 -0.3307 0.0426 -0.0396 0.9979 -0.0271
1779440572.5068 -4.2243 -4.7787 -0.2898 0.0405 -0.0387 0.9981 -0.0270
1779440572.6069 -4.4663 -4.7940 -0.2770 0.0407 -0.0382 0.9980 -0.0286
1779440572.7074 -4.7238 -4.8043 -0.2861 0.0422 -0.0373 0.9979 -0.0317
1779440572.8070 -4.9682 -4.8236 -0.2514 0.0394 -0.0351 0.9981 -0.0323
1779440573.0088 -5.4840 -4.8356 -0.2402 0.0398 -0.0337 0.9983 -0.0261
1779440573.2067 -5.9415 -4.8438 -0.2428 0.0411 -0.0348 0.9983 -0.0213
1779440573.3070 -6.1902 -4.8337 -0.1868 0.0379 -0.0348 0.9985 -0.0179
1779440573.4091 -6.3954 -4.8167 -0.1882 0.0404 -0.0361 0.9984 -0.0153
1779440573.6075 -6.7813 -4.8293 -0.1848 0.0420 -0.0367 0.9984 -0.0118
1779440573.7091 -6.9994 -4.8357 -0.1663 0.0429 -0.0368 0.9983 -0.0143
1779440573.8075 -7.1815 -4.8465 -0.1404 0.0445 -0.0371 0.9982 -0.0158
1779440573.9090 -7.4180 -4.8504 -0.3007 0.0526 -0.0374 0.9978 -0.0162
1779440574.0108 -7.6056 -4.8306 -0.3383 0.0295 -0.0370 0.9987 -0.0172
1779440574.1114 -7.8075 -4.8138 -0.3699 0.0137 -0.0374 0.9991 -0.0176
1779440574.2137 -7.9907 -4.8555 -0.1992 -0.0140 -0.0322 0.9993 -0.0147
1779440574.3116 -8.2096 -4.8427 -0.1288 -0.0057 -0.0345 0.9993 -0.0147
1779440574.4116 -8.5307 -4.8328 0.0623 0.0032 -0.0390 0.9992 -0.0121
1779440574.6073 -9.1437 -4.7759 -0.0015 0.0943 -0.0633 0.9934 0.0137
1779440574.7087 -9.4658 -4.7893 -0.0400 0.1038 -0.0702 0.9921 0.0084
1779440574.8088 -9.7443 -4.8615 0.0376 0.0992 -0.0731 0.9924 -0.0021
1779440575.0057 -10.0747 -5.0488 0.0284 0.0950 -0.0763 0.9923 -0.0211
1779440575.2043 -10.6196 -5.1679 0.1079 0.0929 -0.0921 0.9903 -0.0475
1779440575.3048 -11.0528 -5.2344 0.2218 0.0986 -0.1062 0.9865 -0.0763
1779440575.4042 -11.3030 -5.3426 0.3870 0.0902 -0.1125 0.9846 -0.0992
1779440575.6043 -11.6092 -5.3258 0.3266 0.1050 -0.1112 0.9779 -0.1429
1779440575.7052 -11.8904 -5.4018 0.3635 0.1050 -0.1124 0.9720 -0.1778
1779440575.8054 -12.2149 -5.5036 0.3229 0.1150 -0.1128 0.9653 -0.2056
1779440575.9053 -12.4650 -5.6739 0.4596 0.1117 -0.1155 0.9596 -0.2309
1779440576.0043 -12.6144 -5.8830 0.4304 0.1143 -0.1121 0.9536 -0.2549
1779440576.1046 -12.7472 -6.0708 0.5353 0.1062 -0.1101 0.9482 -0.2783
1779440576.2044 -12.9187 -6.2529 0.5149 0.1090 -0.1064 0.9410 -0.3023
1779440576.4066 -13.1491 -6.5233 0.5598 0.1062 -0.1028 0.9278 -0.3425
1779440576.6052 -13.3706 -6.8590 0.5884 0.1092 -0.1050 0.9125 -0.3801
1779440576.7046 -13.4555 -7.1361 0.6209 0.1087 -0.1049 0.9034 -0.4013
1779440576.9041 -13.6441 -7.5775 0.6407 0.1098 -0.0980 0.8699 -0.4708
1779440577.0044 -13.6197 -7.7862 0.6218 0.1064 -0.0949 0.8553 -0.4982
1779440577.2044 -13.6301 -8.1145 0.6155 0.0998 -0.0921 0.8316 -0.5385
1779440577.3023 -13.6063 -8.2866 0.6262 0.1004 -0.0884 0.8180 -0.5594
1779440577.4038 -13.5842 -8.4314 0.6255 0.0979 -0.0857 0.8048 -0.5792
1779440577.5025 -13.5606 -8.6380 0.6159 0.0974 -0.0845 0.7917 -0.5971
1779440577.6039 -13.5667 -8.7923 0.5874 0.0965 -0.0855 0.7800 -0.6123
1779440577.7018 -13.5766 -8.9617 0.5816 0.0969 -0.0844 0.7700 -0.6249
1779440577.8016 -13.5343 -9.1197 0.6101 0.0963 -0.0826 0.7603 -0.6371
1779440577.9022 -13.5341 -9.2719 0.6005 0.0947 -0.0798 0.7467 -0.6536
1779440578.0040 -13.5324 -9.4443 0.5479 0.0918 -0.0807 0.7306 -0.6718
1779440578.2054 -13.4010 -9.6676 0.5721 -0.0901 0.0879 -0.7015 0.7015
1779440578.4068 -13.2225 -9.8704 0.5251 -0.0857 0.0877 -0.6663 0.7355
1779440578.5085 -13.1191 -9.9731 0.5163 -0.0821 0.0872 -0.6431 0.7564
1779440578.6054 -12.9908 -10.0827 0.4842 -0.0790 0.0865 -0.6164 0.7787
1779440578.8053 -12.8556 -10.4234 0.4552 -0.0756 0.0924 -0.5519 0.8253
1779440579.0053 -12.6263 -10.4943 0.4123 -0.0732 0.0979 -0.4986 0.8582
1779440579.1053 -12.4879 -10.5901 0.4113 -0.0713 0.1023 -0.4703 0.8737
1779440579.2053 -12.3449 -10.6951 0.3323 -0.0698 0.1045 -0.4378 0.8902
1779440579.3052 -12.1849 -10.7469 0.3411 -0.0707 0.1053 -0.4013 0.9071
1779440579.4043 -12.0586 -10.7788 0.3007 -0.0672 0.1042 -0.3657 0.9225
1779440579.5040 -11.9198 -10.8262 0.1643 -0.0615 0.1046 -0.3264 0.9374
1779440579.6041 -11.7715 -10.8594 0.1161 -0.0590 0.1095 -0.2800 0.9519
1779440579.7040 -11.6068 -10.8787 0.1304 -0.0541 0.1103 -0.2327 0.9648
1779440579.8042 -11.4167 -10.7298 0.1303 -0.0511 0.1088 -0.1877 0.9749
1779440579.9043 -11.2571 -10.5652 0.1592 -0.0512 0.1088 -0.1521 0.9810
1779440580.0038 -11.0917 -10.5213 0.1190 -0.0500 0.1098 -0.1239 0.9849
1779440580.1042 -10.9248 -10.5266 0.0443 -0.0486 0.1069 -0.0846 0.9895
1779440580.2038 -10.7764 -10.4061 0.0420 -0.0450 0.1024 -0.0447 0.9927
1779440580.3042 -10.6072 -10.2684 0.0684 -0.0433 0.0972 -0.0053 0.9943
1779440580.4043 -10.4489 -10.1054 0.0520 -0.0398 0.0888 0.0353 0.9946
1779440580.5037 -10.2920 -9.9643 0.0083 -0.0338 0.0787 0.0780 0.9933
1779440580.6043 -10.1610 -9.8329 -0.0389 -0.0285 0.0704 0.1233 0.9895
1779440580.7053 -10.0618 -9.6727 -0.0578 -0.0226 0.0645 0.1676 0.9835
1779440580.8044 -9.9398 -9.5187 -0.0692 -0.0132 0.0567 0.2103 0.9759
1779440580.9043 -9.8428 -9.3556 -0.0906 -0.0008 0.0497 0.2523 0.9664
1779440581.0043 -9.7606 -9.1551 -0.1219 0.0117 0.0447 0.2919 0.9553
1779440581.2040 -9.6133 -8.7734 -0.0947 0.0295 0.0419 0.3505 0.9352
1779440581.3040 -9.5279 -8.6326 -0.1048 0.0362 0.0393 0.3726 0.9265
1779440581.5043 -9.3410 -8.3601 -0.1239 0.0518 0.0409 0.4019 0.9133
1779440581.6040 -9.1542 -8.1721 -0.1352 0.0611 0.0422 0.4112 0.9085
1779440581.7042 -9.0301 -8.0393 -0.1617 0.0740 0.0480 0.4102 0.9077
1779440581.8052 -8.9112 -7.9199 -0.1943 0.0814 0.0502 0.4152 0.9047
1779440581.9040 -8.6155 -7.6362 -0.2547 0.0874 0.0517 0.4040 0.9091
1779440582.0041 -8.4424 -7.5339 -0.2762 0.0830 0.0536 0.3858 0.9173
1779440582.2037 -8.1264 -7.2803 -0.2989 0.0650 0.0567 0.3077 0.9476
1779440582.3034 -7.9412 -7.4383 -0.3178 0.0580 0.0547 0.2919 0.9531
1779440582.4042 -7.7751 -7.2881 -0.3809 0.0576 0.0549 0.2765 0.9577
1779440582.6023 -7.3552 -7.0013 -0.2719 0.0482 0.0551 0.2567 0.9637
1779440582.7021 -7.1421 -7.0128 0.1237 0.0478 0.0382 0.2394 0.9690
1779440582.8023 -6.9913 -6.9142 0.1831 0.0574 -0.0002 0.2421 0.9686
1779440582.9014 -6.8202 -6.8753 -0.1305 0.0672 -0.0410 0.2479 0.9656
1779440583.0022 -6.6267 -6.7294 -0.5781 0.0610 -0.0526 0.2542 0.9638
1779440583.1015 -6.4372 -6.6700 -0.7811 0.0659 -0.0589 0.2491 0.9644
1779440583.2015 -6.2748 -6.5928 -0.6441 0.0650 -0.0405 0.2485 0.9656
1779440583.3021 -6.1386 -6.4935 -0.4478 0.0657 -0.0219 0.2539 0.9647
1779440583.4014 -5.9988 -6.4306 -0.3747 0.0677 -0.0076 0.2591 0.9634
1779440583.5024 -5.8404 -6.3518 -0.3199 0.0689 0.0029 0.2639 0.9621
1779440583.6039 -5.6842 -6.2222 -0.1714 0.0722 0.0098 0.2583 0.9633
1779440583.7021 -5.4955 -6.1690 -0.3265 0.0697 0.0058 0.2469 0.9665
1779440583.8023 -5.3419 -6.1987 -0.2839 0.0734 0.0078 0.2266 0.9712
1779440583.9022 -5.2296 -6.1227 -0.2433 0.0764 0.0113 0.2149 0.9736
1779440584.0020 -5.1078 -6.1022 -0.2726 0.0774 0.0097 0.2137 0.9738
1779440584.1021 -4.9727 -6.0963 -0.1734 0.0803 0.0120 0.2069 0.9750
1779440584.2013 -4.8264 -6.0618 -0.3175 0.0787 0.0080 0.2001 0.9766
1779440584.3022 -4.6417 -6.0469 -0.3095 0.0776 0.0084 0.1735 0.9817
1779440584.4022 -4.5036 -6.0249 -0.3203 0.0721 0.0068 0.1459 0.9866
1779440584.6015 -4.1734 -6.0427 -0.3290 0.0594 0.0091 0.0835 0.9947
1779440584.8015 -3.8640 -6.0834 -0.3565 0.0478 0.0098 0.0365 0.9981
1779440584.9021 -3.6949 -6.1367 -0.3394 0.0433 0.0114 0.0108 0.9989
1779440585.0035 -3.5814 -6.2164 -0.3581 0.0381 0.0089 -0.0132 0.9991
1779440585.1020 -3.4681 -6.2672 -0.3379 0.0311 0.0084 -0.0366 0.9988
1779440585.2036 -3.3578 -6.3054 -0.4186 0.0216 0.0079 -0.0575 0.9981
1779440585.3022 -3.2629 -6.3891 -0.4289 0.0128 0.0101 -0.0854 0.9962
1779440585.4036 -3.1574 -6.4387 -0.4295 0.0037 0.0120 -0.1121 0.9936
1779440585.7037 -2.8713 -6.6335 -0.5131 -0.0107 0.0143 -0.1505 0.9884
1779440586.0039 -2.6005 -6.7942 -0.5375 -0.0244 0.0223 -0.1866 0.9819
1779440586.1014 -2.5154 -6.8220 -0.5330 -0.0313 0.0244 -0.1935 0.9803
1779440586.2013 -2.4396 -6.8652 -0.5214 -0.0350 0.0248 -0.1970 0.9795
1779440586.3011 -2.3716 -6.9116 -0.5457 -0.0345 0.0240 -0.1940 0.9801
1779440586.4013 -2.2735 -6.8961 -0.5648 -0.0323 0.0217 -0.1769 0.9835
1779440586.5035 -2.1825 -6.8475 -0.5905 -0.0261 0.0182 -0.1595 0.9867
1779440586.7039 -2.0004 -6.8368 -0.6279 -0.0215 0.0111 -0.1151 0.9931
1779440586.9030 -1.7970 -6.7481 -0.6045 -0.0157 0.0080 -0.0855 0.9962
1779440587.1019 -1.6330 -6.7579 -0.5879 -0.0124 0.0080 -0.0533 0.9985
1779440587.2035 -1.4929 -6.7194 -0.6537 -0.0096 0.0073 -0.0322 0.9994
1779440587.3021 -1.3695 -6.6643 -0.6274 -0.0076 0.0071 -0.0104 0.9999
1779440587.4022 -1.2361 -6.5832 -0.5946 -0.0013 0.0082 0.0053 1.0000
1779440587.6036 -1.0513 -6.5396 -0.6294 0.0091 0.0049 0.0458 0.9989
1779440587.7022 -0.9957 -6.5127 -0.6412 0.0149 0.0019 0.0684 0.9975
1779440587.8020 -0.8975 -6.4448 -0.6309 0.0231 0.0002 0.0903 0.9956
1779440587.9035 -0.8319 -6.4034 -0.6528 0.0318 -0.0008 0.1092 0.9935
1779440588.0018 -0.7606 -6.3514 -0.6950 0.0373 -0.0031 0.1296 0.9909
1779440588.1023 -0.6422 -6.3161 -0.5808 0.0420 -0.0024 0.1405 0.9892
1779440588.2023 -0.5589 -6.3094 -0.6330 0.0434 -0.0024 0.1399 0.9892
1779440588.3019 -0.4504 -6.2475 -0.6114 0.0428 -0.0023 0.1350 0.9899
1779440588.4035 -0.3242 -6.2236 -0.6068 0.0443 -0.0012 0.1276 0.9908
1779440588.5014 -0.2276 -6.2202 -0.6437 0.0428 -0.0011 0.1256 0.9912
1779440588.6020 -0.1026 -6.1801 -0.5937 0.0447 -0.0006 0.1222 0.9915
1779440588.7034 0.0025 -6.1700 -0.6502 0.0472 0.0005 0.1191 0.9918
1779440588.8018 0.1145 -6.1584 -0.6007 0.0484 0.0026 0.1188 0.9917
1779440589.0034 0.3108 -6.1541 -0.6574 0.0484 0.0020 0.1121 0.9925
1779440589.1019 0.4312 -6.1135 -0.6239 0.0449 0.0029 0.1014 0.9938
1779440589.2020 0.5345 -6.0885 -0.6416 0.0391 0.0038 0.0834 0.9957
1779440589.3021 0.6096 -6.1175 -0.6333 0.0310 0.0040 0.0685 0.9972
1779440589.4020 0.6939 -6.1401 -0.6554 0.0237 0.0066 0.0512 0.9984
1779440589.5039 0.7674 -6.1585 -0.6380 0.0196 0.0118 0.0364 0.9991
1779440589.6018 0.8527 -6.2484 -0.6971 0.0172 0.0157 0.0309 0.9993
1779440589.7035 0.9424 -6.2310 -0.7114 0.0173 0.0215 0.0363 0.9990
1779440589.8035 1.0769 -6.1881 -0.7048 0.0189 0.0291 0.0403 0.9986
1779440589.9038 1.2149 -6.1473 -0.6495 0.0212 0.0390 0.0383 0.9983
1779440590.0040 1.3207 -6.1745 -0.6497 0.0215 0.0478 0.0340 0.9980
1779440590.2036 1.5825 -6.2125 -0.6738 0.0257 0.0609 0.0264 0.9975
1779440590.3020 1.7021 -6.2103 -0.6727 0.0271 0.0645 0.0272 0.9972
1779440590.4035 1.8337 -6.2069 -0.6811 0.0275 0.0651 0.0260 0.9972
1779440590.6020 2.0815 -6.2191 -0.7442 0.0250 0.0635 0.0169 0.9975
1779440590.7035 2.2307 -6.2329 -0.7498 0.0233 0.0643 0.0124 0.9976
1779440590.8039 2.3637 -6.2593 -0.7613 0.0229 0.0650 0.0082 0.9976
1779440590.9035 2.4903 -6.2551 -0.8499 0.0211 0.0644 0.0025 0.9977
1779440591.0040 2.6579 -6.3009 -0.7940 0.0195 0.0693 -0.0044 0.9974
1779440591.1038 2.8210 -6.3231 -0.8708 0.0166 0.0695 -0.0136 0.9973
1779440591.2035 2.9858 -6.3458 -0.8875 0.0116 0.0686 -0.0221 0.9973
1779440591.3040 3.1814 -6.3535 -0.8671 0.0048 0.0692 -0.0309 0.9971
1779440591.4035 3.3418 -6.3843 -0.9536 -0.0008 0.0677 -0.0366 0.9970
1779440591.5037 3.5248 -6.3949 -1.0143 -0.0028 0.0657 -0.0318 0.9973
1779440591.6039 3.7050 -6.3915 -0.9723 -0.0021 0.0686 -0.0233 0.9974
1779440591.8040 4.0808 -6.3779 -1.0915 -0.0030 0.0690 -0.0170 0.9975
1779440591.9039 4.2780 -6.3601 -1.0922 -0.0021 0.0694 -0.0154 0.9975
1779440592.0037 4.4696 -6.3890 -1.1349 0.0007 0.0698 -0.0106 0.9975
1779440592.2037 4.8592 -6.2974 -1.1768 0.0086 0.0682 0.0195 0.9974
1779440592.4038 5.2618 -6.2205 -1.2536 0.0186 0.0657 0.0354 0.9970
1779440592.5017 5.4681 -6.2224 -1.2607 0.0246 0.0659 0.0368 0.9968
1779440592.6036 5.6302 -6.2523 -1.3631 0.0256 0.0687 0.0448 0.9963
1779440592.7040 5.8304 -6.1999 -1.4207 0.0281 0.0784 0.0512 0.9952
1779440592.8037 5.9977 -6.1518 -1.4835 0.0319 0.0886 0.0541 0.9941
1779440592.9050 6.2102 -6.1506 -1.5410 0.0315 0.1001 0.0567 0.9929
1779440593.0062 6.4058 -6.1261 -1.6003 0.0339 0.1114 0.0530 0.9918
1779440593.1059 6.5997 -6.1138 -1.6680 0.0351 0.1226 0.0484 0.9906
1779440593.2062 6.8323 -6.1150 -1.6732 0.0351 0.1295 0.0449 0.9899
1779440593.3048 7.0392 -6.1443 -1.7196 0.0348 0.1296 0.0355 0.9903
1779440593.4049 7.2718 -6.1710 -1.8135 0.0297 0.1287 0.0245 0.9909
1779440593.5061 7.4871 -6.1887 -1.9008 0.0239 0.1287 0.0131 0.9913
1779440593.6049 7.7420 -6.2042 -1.9655 0.0189 0.1303 0.0006 0.9913
1779440593.7061 7.9985 -6.1995 -2.0245 0.0141 0.1277 0.0003 0.9917
1779440593.8062 8.2711 -6.2288 -2.1116 0.0138 0.1290 0.0059 0.9915
1779440593.9062 8.5411 -6.2010 -2.2005 0.0130 0.1296 0.0084 0.9915
1779440594.0062 8.8193 -6.1778 -2.2718 0.0106 0.1291 0.0080 0.9915
