1779439911.5053 0.0000 0.0000 0.0000 0.0000 0.0000 0.0000 1.0000
1779439911.6072 0.4055 -0.0015 0.0002 0.0047 0.0027 0.0003 1.0000
1779439911.7061 0.8310 -0.0318 -0.0333 0.0075 0.0016 -0.0077 0.9999
1779439911.9063 1.7105 -0.0852 -0.0536 0.0032 0.0001 -0.0236 0.9997
1779439912.0050 2.1478 -0.1148 -0.0792 0.0026 0.0003 -0.0269 0.9996
1779439912.1033 2.5838 -0.1614 -0.0929 0.0027 -0.0028 -0.0301 0.9995
1779439912.2047 3.0307 -0.2022 -0.0926 0.0042 -0.0017 -0.0350 0.9994
1779439912.4034 3.8978 -0.3018 -0.1531 0.0020 -0.0028 -0.0443 0.9990
1779439912.5034 4.3697 -0.3581 -0.1284 -0.0037 -0.0025 -0.0464 0.9989
1779439912.6048 4.7750 -0.4072 -0.1617 -0.0091 -0.0005 -0.0486 0.9988
1779439912.7034 5.1965 -0.4567 -0.2230 -0.0152 0.0004 -0.0518 0.9985
1779439913.2029 7.4061 -0.6870 -0.2754 -0.0147 0.0011 -0.0302 0.9994
1779439913.4029 8.3183 -0.7039 -0.2786 -0.0070 -0.0033 -0.0204 0.9998
1779439913.5035 8.7503 -0.7248 -0.3248 -0.0046 -0.0066 -0.0184 0.9998
1779439913.6052 9.1749 -0.7719 -0.3553 -0.0047 -0.0037 -0.0219 0.9997
1779439913.8031 10.0164 -0.8448 -0.3455 -0.0073 0.0071 -0.0351 0.9993
1779439913.9039 10.4701 -0.9017 -0.3588 -0.0107 0.0024 -0.0403 0.9991
1779439914.0038 10.9064 -0.9193 -0.3622 -0.0117 0.0001 -0.0440 0.9990
1779439914.1037 11.3428 -0.9797 -0.3222 -0.0150 0.0051 -0.0431 0.9989
1779439914.3053 12.2232 -1.0590 -0.3890 -0.0211 0.0048 -0.0392 0.9990
1779439914.5032 13.0852 -1.0982 -0.4895 -0.0312 0.0051 -0.0342 0.9989
1779439914.7039 13.9847 -1.1359 -0.5282 -0.0318 0.0054 -0.0189 0.9993
1779439914.9039 14.8735 -1.1541 -0.5605 -0.0176 -0.0014 0.0020 0.9998
1779439915.0033 15.3097 -1.1295 -0.5582 -0.0079 0.0007 0.0100 0.9999
1779439915.1039 15.7347 -1.1487 -0.5590 0.0019 -0.0003 0.0158 0.9999
1779439915.2045 16.1832 -1.1876 -0.5596 0.0070 -0.0063 0.0103 0.9999
1779439915.4040 17.0554 -1.2171 -0.6213 0.0023 -0.0005 -0.0056 1.0000
1779439915.5032 17.4834 -1.2426 -0.6191 0.0008 0.0025 -0.0133 0.9999
1779439915.6036 17.9158 -1.2692 -0.6358 -0.0032 0.0024 -0.0226 0.9997
1779439915.7040 18.3487 -1.3298 -0.6213 -0.0108 0.0015 -0.0288 0.9995
1779439915.8036 18.7646 -1.3667 -0.6959 -0.0159 0.0007 -0.0342 0.9993
1779439916.0034 19.6247 -1.4107 -0.7145 -0.0253 0.0011 -0.0302 0.9992
1779439916.1036 20.0354 -1.4403 -0.7473 -0.0278 0.0057 -0.0249 0.9993
1779439916.2034 20.4690 -1.4401 -0.8175 -0.0267 0.0018 -0.0192 0.9995
1779439916.3033 20.9034 -1.4466 -0.7360 -0.0261 0.0024 -0.0080 0.9996
1779439916.4042 21.3110 -1.4445 -0.7815 -0.0224 0.0085 0.0018 0.9997
1779439916.6037 22.1686 -1.4155 -0.7341 -0.0075 0.0046 0.0189 0.9998
1779439916.7043 22.6073 -1.3819 -0.8545 -0.0003 -0.0025 0.0245 0.9997
1779439916.8035 23.0492 -1.3493 -0.8896 0.0056 -0.0016 0.0222 0.9997
1779439917.0028 23.8829 -1.3932 -0.9557 0.0101 0.0048 0.0019 0.9999
1779439917.1037 24.2931 -1.4001 -0.9246 0.0096 0.0065 -0.0041 0.9999
1779439917.2030 24.6882 -1.4219 -0.9680 0.0106 0.0083 -0.0087 0.9999
1779439917.3036 25.0986 -1.4390 -0.9631 0.0107 0.0073 -0.0067 0.9999
1779439917.4039 25.5329 -1.4306 -0.9571 0.0126 0.0041 -0.0092 0.9999
1779439917.6030 26.3790 -1.5096 -1.1034 0.0119 -0.0028 -0.0211 0.9997
1779439917.7038 26.7994 -1.5707 -0.9915 0.0086 0.0002 -0.0317 0.9995
1779439917.8037 27.1721 -1.6355 -1.1229 0.0029 0.0025 -0.0414 0.9991
1779439918.0042 27.9914 -1.7546 -1.0216 -0.0080 0.0072 -0.0528 0.9985
1779439918.1041 28.4018 -1.8294 -1.0208 -0.0170 0.0115 -0.0510 0.9985
1779439918.2028 28.8750 -1.8478 -0.9240 -0.0222 -0.0257 -0.0458 0.9984
1779439918.3029 29.3293 -1.8548 -0.4012 -0.0222 -0.0402 -0.0381 0.9982
1779439918.4033 29.6926 -1.8766 -1.1332 -0.0234 -0.0546 -0.0340 0.9977
1779439918.5030 30.0820 -1.9065 -1.2101 -0.0195 -0.0613 -0.0283 0.9975
1779439918.6030 30.4628 -1.9321 -0.7970 -0.0187 -0.0517 -0.0234 0.9982
1779439918.7039 30.8223 -1.9231 -0.9442 -0.0199 -0.0526 -0.0200 0.9982
1779439918.9040 31.5261 -1.9773 -0.9291 -0.0177 -0.0471 -0.0141 0.9986
1779439919.0030 31.8406 -1.9752 -0.9072 -0.0182 -0.0437 -0.0133 0.9988
1779439919.1040 32.1608 -1.9566 -0.9480 -0.0177 -0.0420 -0.0178 0.9988
1779439919.2017 32.4918 -1.9564 -0.8517 -0.0169 -0.0386 -0.0232 0.9988
1779439919.3030 32.7901 -2.0242 -0.8470 -0.0160 -0.0353 -0.0251 0.9989
1779439919.4035 33.1171 -2.0620 -0.8754 -0.0129 -0.0328 -0.0233 0.9991
1779439919.6033 33.6836 -2.0799 -0.8836 -0.0060 -0.0257 -0.0216 0.9994
1779439919.7036 33.9832 -2.1075 -0.9576 -0.0056 -0.0250 -0.0251 0.9994
1779439919.8032 34.2730 -2.1365 -0.9151 -0.0047 -0.0193 -0.0324 0.9993
1779439920.0021 34.8063 -2.2113 -0.9653 -0.0081 -0.0129 -0.0386 0.9991
1779439920.1035 35.0739 -2.2244 -0.9389 -0.0061 -0.0073 -0.0382 0.9992
1779439920.2022 35.3421 -2.3017 -0.9446 -0.0067 -0.0039 -0.0326 0.9994
1779439920.4048 35.8764 -2.2811 -0.9725 -0.0054 0.0026 -0.0294 0.9996
1779439920.5036 36.1426 -2.3156 -0.9985 -0.0074 0.0051 -0.0305 0.9995
1779439920.6046 36.3930 -2.3201 -1.0047 -0.0068 0.0078 -0.0344 0.9994
1779439920.9047 37.1810 -2.3569 -1.0859 -0.0061 0.0132 -0.0376 0.9992
1779439921.0056 37.4507 -2.3985 -1.1068 -0.0047 0.0171 -0.0392 0.9991
1779439921.1048 37.7176 -2.3983 -1.1463 -0.0046 0.0213 -0.0398 0.9990
1779439921.2045 37.9913 -2.4521 -1.1697 -0.0046 0.0241 -0.0433 0.9988
1779439921.3048 38.2580 -2.4846 -1.2115 -0.0057 0.0283 -0.0468 0.9985
1779439921.4050 38.5206 -2.5170 -1.2288 -0.0070 0.0321 -0.0496 0.9982
1779439921.6056 39.0446 -2.5959 -1.2941 -0.0109 0.0376 -0.0552 0.9977
1779439921.7074 39.3216 -2.6446 -1.3411 -0.0123 0.0400 -0.0572 0.9975
1779439921.8058 39.5790 -2.6920 -1.3817 -0.0141 0.0435 -0.0577 0.9973
1779439921.9074 39.8397 -2.7216 -1.4439 -0.0141 0.0465 -0.0573 0.9972
1779439922.0078 40.0913 -2.7519 -1.4361 -0.0147 0.0497 -0.0521 0.9973
1779439922.1078 40.3487 -2.6851 -1.4633 -0.0133 0.0513 -0.0469 0.9975
1779439922.2087 40.6037 -2.7371 -1.5218 -0.0111 0.0515 -0.0422 0.9977
1779439922.3088 40.8560 -2.7385 -1.5623 -0.0090 0.0535 -0.0375 0.9978
1779439922.4103 41.0866 -2.7042 -1.5916 -0.0060 0.0555 -0.0338 0.9979
1779439922.5101 41.3334 -2.6854 -1.6316 -0.0017 0.0558 -0.0335 0.9979
1779439922.7102 41.7979 -2.7382 -1.7038 0.0042 0.0558 -0.0325 0.9979
1779439922.8109 42.0449 -2.7857 -1.7078 0.0066 0.0567 -0.0347 0.9978
1779439922.9102 42.2895 -2.8226 -1.7706 0.0080 0.0559 -0.0395 0.9976
1779439923.0115 42.5196 -2.8489 -1.8090 0.0101 0.0551 -0.0475 0.9973
1779439923.1102 42.7679 -2.9068 -1.8472 0.0105 0.0553 -0.0547 0.9969
1779439923.2090 43.0486 -2.9366 -1.7045 0.0111 0.0582 -0.0610 0.9964
1779439923.3074 43.3416 -3.0579 -1.6831 0.0098 0.0327 -0.0688 0.9970
1779439923.4061 43.5911 -3.1385 -1.6375 0.0075 0.0167 -0.0775 0.9968
1779439923.5055 43.8798 -3.2219 -1.7466 0.0060 -0.0057 -0.0871 0.9962
1779439923.6061 44.1553 -3.2871 -1.9166 0.0073 -0.0110 -0.0950 0.9954
1779439923.7055 44.4238 -3.3859 -1.9005 0.0072 -0.0042 -0.1022 0.9947
1779439923.8060 44.6724 -3.4606 -1.8319 0.0033 0.0018 -0.1091 0.9940
1779439923.9054 44.9387 -3.5418 -1.8522 -0.0010 -0.0001 -0.1153 0.9933
1779439924.0054 45.1957 -3.6266 -1.8329 -0.0055 0.0010 -0.1207 0.9927
1779439924.1053 45.4392 -3.7173 -1.8809 -0.0080 0.0003 -0.1279 0.9918
1779439924.2055 45.7050 -3.8000 -1.9251 -0.0145 -0.0001 -0.1349 0.9908
1779439924.3044 45.9416 -3.8994 -1.8273 -0.0246 0.0037 -0.1401 0.9898
1779439924.4045 46.1967 -3.9694 -1.9106 -0.0304 0.0028 -0.1461 0.9888
1779439924.5052 46.4645 -4.0396 -1.8995 -0.0415 0.0030 -0.1472 0.9882
1779439924.6029 46.7346 -4.0780 -1.9218 -0.0499 0.0022 -0.1394 0.9890
1779439924.8046 47.2386 -4.1144 -1.9845 -0.0619 0.0072 -0.1104 0.9919
1779439925.0047 47.7345 -4.0751 -2.0165 -0.0717 0.0047 -0.0672 0.9952
1779439925.2046 48.2508 -4.1358 -2.0330 -0.0786 0.0007 -0.0114 0.9968
1779439925.3044 48.4727 -4.0592 -2.0517 -0.0777 -0.0035 0.0292 0.9965
1779439925.4046 48.6897 -3.9715 -2.0073 -0.0775 -0.0047 0.0693 0.9946
1779439925.5047 48.8391 -3.7880 -1.9879 -0.0799 -0.0067 0.1038 0.9914
1779439925.6032 48.9962 -3.6581 -1.9537 -0.0795 -0.0128 0.1308 0.9881
1779439925.7045 49.1446 -3.4951 -1.9874 -0.0733 -0.0207 0.1656 0.9832
1779439925.8045 49.2470 -3.2846 -1.9590 -0.0670 -0.0244 0.2137 0.9743
1779439925.9045 49.3061 -3.0532 -1.9405 -0.0563 -0.0275 0.2600 0.9636
1779439926.1056 49.4546 -2.8251 -1.9554 -0.0332 -0.0333 0.3505 0.9354
1779439926.2058 49.5071 -2.6322 -1.9572 -0.0264 -0.0311 0.3794 0.9243
1779439926.3058 49.5478 -2.4795 -1.9492 -0.0193 -0.0308 0.4084 0.9121
1779439926.4059 49.5962 -2.2765 -1.9522 -0.0131 -0.0295 0.4341 0.9003
1779439926.6056 49.6772 -2.0155 -1.9433 -0.0024 -0.0254 0.4794 0.8772
1779439926.7047 49.6964 -1.8973 -1.9608 0.0009 -0.0218 0.4976 0.8671
1779439926.8048 49.7442 -1.7744 -1.9618 0.0027 -0.0208 0.5136 0.8578
1779439927.0046 49.7882 -1.5886 -1.9561 0.0020 -0.0206 0.5355 0.8443
1779439927.1034 49.7838 -1.5328 -1.9613 0.0002 -0.0225 0.5436 0.8391
1779439927.2049 49.7877 -1.4405 -1.9739 -0.0016 -0.0233 0.5504 0.8346
1779439927.3051 49.8068 -1.4092 -1.9718 -0.0036 -0.0251 0.5581 0.8294
1779439927.4049 49.7966 -1.4280 -1.9665 -0.0079 -0.0251 0.5613 0.8272
1779439927.5049 49.7964 -1.4347 -1.9640 -0.0099 -0.0269 0.5604 0.8277
1779439927.6037 49.7782 -1.4184 -1.9563 -0.0110 -0.0287 0.5603 0.8277
1779439927.8072 49.8175 -1.4298 -1.9659 -0.0118 -0.0320 0.5605 0.8275
1779439927.9051 49.7969 -1.4253 -1.9529 -0.0123 -0.0321 0.5590 0.8285
1779439928.0051 49.8011 -1.4189 -1.9556 -0.0119 -0.0320 0.5588 0.8286
1779439928.1036 49.8062 -1.4291 -1.9598 -0.0102 -0.0311 0.5578 0.8293
1779439928.2051 49.8046 -1.4493 -1.9541 -0.0088 -0.0301 0.5577 0.8294
1779439928.5051 49.8237 -1.4406 -1.9553 -0.0069 -0.0286 0.5582 0.8292
1779439928.6052 49.8239 -1.4400 -1.9641 -0.0060 -0.0286 0.5578 0.8295
1779439928.7052 49.8224 -1.4395 -1.9548 -0.0057 -0.0281 0.5578 0.8295
1779439928.8053 49.8492 -1.4308 -1.9597 -0.0056 -0.0283 0.5582 0.8292
1779439928.9037 49.8401 -1.4409 -1.9587 -0.0052 -0.0281 0.5577 0.8295
1779439929.0052 49.8286 -1.4333 -1.9597 -0.0051 -0.0279 0.5575 0.8297
1779439929.1034 49.8430 -1.4435 -1.9624 -0.0050 -0.0280 0.5576 0.8296
1779439929.2051 49.8446 -1.4584 -1.9693 -0.0046 -0.0277 0.5573 0.8298
1779439929.3063 49.8428 -1.4500 -1.9651 -0.0045 -0.0274 0.5574 0.8298
1779439929.4039 49.8361 -1.4511 -1.9615 -0.0046 -0.0273 0.5572 0.8299
1779439929.5051 49.8482 -1.4380 -1.9607 -0.0044 -0.0272 0.5572 0.8299
1779439929.6056 49.8641 -1.4322 -1.9601 -0.0040 -0.0271 0.5573 0.8299
1779439929.7039 49.8506 -1.4401 -1.9567 -0.0037 -0.0270 0.5572 0.8300
1779439929.8043 49.8390 -1.4447 -1.9509 -0.0027 -0.0261 0.5571 0.8300
1779439930.0044 49.8362 -1.4200 -1.9578 0.0024 -0.0241 0.5587 0.8290
1779439930.1037 49.8330 -1.4266 -1.9542 0.0046 -0.0226 0.5599 0.8282
1779439930.2040 49.8279 -1.4308 -1.9568 0.0059 -0.0217 0.5612 0.8274
1779439930.4040 49.8451 -1.4080 -1.9668 0.0038 -0.0230 0.5643 0.8253
1779439930.5040 49.8259 -1.3813 -1.9731 0.0015 -0.0244 0.5648 0.8249
1779439930.6043 49.8512 -1.3768 -1.9667 -0.0020 -0.0257 0.5654 0.8244
1779439930.7041 49.8550 -1.3849 -1.9788 -0.0052 -0.0277 0.5651 0.8245
1779439930.8054 49.8413 -1.4104 -1.9758 -0.0088 -0.0301 0.5642 0.8250
1779439930.9058 49.8423 -1.4068 -1.9723 -0.0130 -0.0324 0.5614 0.8268
1779439931.0054 49.8359 -1.3984 -1.9653 -0.0166 -0.0346 0.5577 0.8291
1779439931.1042 49.8454 -1.3904 -1.9585 -0.0173 -0.0348 0.5549 0.8310
1779439931.2055 49.8175 -1.4085 -1.9660 -0.0172 -0.0350 0.5553 0.8307
1779439931.3055 49.8236 -1.4238 -1.9671 -0.0182 -0.0360 0.5556 0.8304
1779439931.4041 49.8183 -1.4219 -1.9629 -0.0190 -0.0365 0.5555 0.8305
1779439931.5055 49.8196 -1.4262 -1.9595 -0.0206 -0.0373 0.5556 0.8303
1779439931.6058 49.8028 -1.4268 -1.9562 -0.0210 -0.0372 0.5553 0.8305
1779439931.7045 49.8073 -1.4110 -1.9593 -0.0207 -0.0371 0.5559 0.8302
1779439931.8059 49.8254 -1.4121 -1.9667 -0.0191 -0.0369 0.5561 0.8301
1779439932.0058 49.8555 -1.3912 -1.9723 -0.0162 -0.0352 0.5570 0.8296
1779439932.1060 49.8222 -1.3920 -1.9607 -0.0148 -0.0338 0.5567 0.8299
1779439932.2049 49.8372 -1.3826 -1.9554 -0.0137 -0.0329 0.5567 0.8300
1779439932.3056 49.8314 -1.3859 -1.9647 -0.0125 -0.0326 0.5567 0.8300
1779439932.4059 49.8162 -1.3904 -1.9615 -0.0114 -0.0320 0.5572 0.8297
1779439932.5043 49.8563 -1.4001 -1.9599 -0.0097 -0.0310 0.5580 0.8292
1779439932.6058 49.8615 -1.3953 -1.9470 -0.0084 -0.0294 0.5579 0.8293
1779439932.7057 49.8503 -1.3812 -1.9504 -0.0069 -0.0285 0.5576 0.8296
1779439932.8042 49.8623 -1.3774 -1.9462 -0.0039 -0.0269 0.5576 0.8297
1779439932.9043 49.8643 -1.3911 -1.9501 -0.0004 -0.0252 0.5572 0.8300
1779439933.0041 49.8631 -1.4089 -1.9456 0.0029 -0.0230 0.5570 0.8302
1779439933.1044 49.8447 -1.3914 -1.9581 0.0060 -0.0220 0.5559 0.8309
1779439933.2030 49.8748 -1.3973 -1.9479 0.0085 -0.0202 0.5565 0.8305
1779439933.3043 49.8675 -1.4078 -1.9459 0.0109 -0.0187 0.5560 0.8309
1779439933.4045 49.9255 -1.4143 -1.9512 0.0126 -0.0181 0.5567 0.8304
1779439933.5043 49.9211 -1.4103 -1.9549 0.0144 -0.0176 0.5569 0.8303
1779439933.6043 49.9133 -1.4099 -1.9548 0.0163 -0.0161 0.5562 0.8307
1779439933.7045 49.9157 -1.4104 -1.9482 0.0175 -0.0152 0.5566 0.8305
1779439933.8043 49.9006 -1.4082 -1.9544 0.0189 -0.0146 0.5568 0.8303
1779439933.9042 49.8883 -1.4083 -1.9655 0.0188 -0.0151 0.5574 0.8299
1779439934.0031 49.9070 -1.4175 -1.9753 0.0179 -0.0160 0.5575 0.8298
1779439934.1025 49.9253 -1.4217 -1.9648 0.0168 -0.0161 0.5577 0.8297
1779439934.2025 49.9173 -1.4144 -1.9579 0.0158 -0.0165 0.5577 0.8297
1779439934.3025 49.9085 -1.4099 -1.9577 0.0144 -0.0166 0.5572 0.8301
1779439934.4043 49.8954 -1.4163 -1.9622 0.0128 -0.0177 0.5569 0.8303
1779439934.5032 49.8871 -1.4258 -1.9595 0.0104 -0.0182 0.5573 0.8301
1779439934.8047 49.8918 -1.3469 -1.9797 -0.0013 -0.0247 0.5597 0.8283
1779439934.9047 49.8817 -1.3515 -1.9687 -0.0048 -0.0266 0.5622 0.8266
1779439935.0062 49.8235 -1.3465 -1.9619 -0.0073 -0.0271 0.5641 0.8252
1779439935.1047 49.8123 -1.3242 -1.9612 -0.0080 -0.0259 0.5673 0.8231
1779439935.3035 49.8020 -1.2288 -1.9600 -0.0040 -0.0228 0.5747 0.8180
1779439935.4049 49.8049 -1.2135 -1.9736 -0.0025 -0.0221 0.5797 0.8145
1779439935.5044 49.8410 -1.1932 -1.9669 -0.0025 -0.0216 0.5841 0.8114
1779439935.6044 49.8183 -1.1827 -1.9676 -0.0024 -0.0203 0.5868 0.8094
1779439935.7048 49.8022 -1.1958 -1.9576 -0.0025 -0.0194 0.5897 0.8074
1779439935.8045 49.7958 -1.1907 -1.9675 -0.0025 -0.0197 0.5929 0.8051
1779439935.9036 49.8083 -1.1646 -1.9790 -0.0024 -0.0199 0.5970 0.8020
1779439936.0048 49.8123 -1.1348 -1.9668 -0.0026 -0.0187 0.6012 0.7989
1779439936.1032 49.8132 -1.1262 -1.9609 -0.0028 -0.0170 0.6034 0.7972
1779439936.2036 49.8280 -1.1276 -1.9673 -0.0020 -0.0160 0.6044 0.7965
1779439936.3034 49.8201 -1.0921 -1.9557 -0.0012 -0.0153 0.6055 0.7957
1779439936.4036 49.8397 -1.1047 -1.9541 -0.0010 -0.0160 0.6068 0.7947
1779439936.5048 49.8435 -1.1182 -1.9693 0.0011 -0.0165 0.6058 0.7955
1779439936.8036 49.8504 -1.1400 -1.9360 0.0122 -0.0103 0.6043 0.7966
1779439936.9034 49.8619 -1.1280 -1.9653 0.0150 -0.0097 0.6041 0.7967
1779439937.0032 49.8973 -1.1414 -1.9735 0.0135 -0.0107 0.6037 0.7970
1779439937.1028 49.8626 -1.1299 -1.9818 0.0113 -0.0129 0.6035 0.7972
1779439937.2037 49.8420 -1.1489 -1.9872 0.0073 -0.0158 0.6045 0.7964
1779439937.3035 49.8225 -1.1288 -1.9813 0.0047 -0.0171 0.6053 0.7958
1779439937.4037 49.8118 -1.0871 -1.9775 0.0019 -0.0187 0.6077 0.7940
1779439937.5049 49.8129 -1.0625 -1.9735 -0.0003 -0.0198 0.6103 0.7919
1779439937.6037 49.8039 -1.0278 -1.9739 -0.0026 -0.0215 0.6133 0.7896
1779439937.7049 49.7811 -0.9962 -1.9656 -0.0052 -0.0233 0.6174 0.7863
1779439937.8056 49.7613 -0.9838 -1.9721 -0.0087 -0.0259 0.6236 0.7813
1779439937.9051 49.6995 -0.9228 -1.9655 -0.0135 -0.0283 0.6304 0.7757
1779439938.0055 49.6951 -0.8150 -1.9542 -0.0183 -0.0314 0.6422 0.7657
1779439938.1049 49.6561 -0.7435 -1.9679 -0.0222 -0.0340 0.6571 0.7527
1779439938.2069 49.5761 -0.6754 -1.9558 -0.0232 -0.0361 0.6740 0.7375
1779439938.3051 49.5194 -0.5656 -1.9516 -0.0233 -0.0394 0.6948 0.7178
1779439938.4051 49.4020 -0.4813 -1.9377 -0.0239 -0.0406 0.7192 0.6932
1779439938.5053 49.3290 -0.3631 -1.9505 -0.0219 -0.0433 0.7470 0.6631
1779439938.6039 49.2454 -0.2035 -1.9582 -0.0219 -0.0471 0.7755 0.6293
1779439938.7050 49.1130 -0.0712 -1.9542 -0.0198 -0.0540 0.8049 0.5906
1779439938.8040 48.9624 -0.0221 -1.9693 -0.0152 -0.0575 0.8331 0.5499
1779439938.9030 48.8120 0.0209 -1.9547 -0.0087 -0.0583 0.8578 0.5106
1779439939.0030 48.7245 0.1275 -1.9897 -0.0017 -0.0593 0.8813 0.4688
1779439939.1020 48.5625 0.1245 -1.9606 0.0010 -0.0617 0.9013 0.4287
1779439939.2023 48.4072 0.1684 -2.0196 0.0053 -0.0633 0.9190 0.3891
1779439939.3033 48.2553 0.2030 -1.9952 0.0064 -0.0653 0.9357 0.3467
1779439939.4022 48.0782 0.1544 -2.0576 0.0113 -0.0612 0.9505 0.3044
1779439939.5032 47.9109 0.1213 -2.0178 0.0128 -0.0560 0.9641 0.2592
1779439939.6052 47.7392 0.0689 -1.9935 0.0152 -0.0473 0.9749 0.2171
1779439939.7036 47.5920 0.0226 -1.9846 0.0189 -0.0387 0.9832 0.1776
1779439939.8054 47.4569 -0.0546 -1.9357 0.0216 -0.0340 0.9882 0.1475
1779439939.9039 47.3742 -0.0158 -1.9225 0.0232 -0.0251 0.9896 0.1399
1779439940.0041 47.2280 0.0016 -1.9360 0.0265 -0.0238 0.9906 0.1318
1779439940.1031 47.1006 0.0450 -1.9065 0.0283 -0.0260 0.9924 0.1171
1779439940.3041 46.8236 0.1147 -1.9479 0.0327 -0.0295 0.9921 0.1175
1779439940.4039 46.7077 0.1482 -1.8717 0.0319 -0.0321 0.9927 0.1119
1779439940.5040 46.5273 0.1355 -1.8937 0.0333 -0.0296 0.9930 0.1093
1779439940.6042 46.3647 0.1204 -1.8963 0.0334 -0.0302 0.9946 0.0937
1779439940.7034 46.2130 0.1765 -1.9420 0.0328 -0.0245 0.9954 0.0861
1779439940.8040 45.9935 0.1387 -1.8909 0.0304 -0.0247 0.9967 0.0715
1779439940.9055 45.8397 0.1644 -1.8554 0.0292 -0.0240 0.9977 0.0554
1779439941.0035 45.6484 0.1480 -1.8447 0.0342 -0.0231 0.9978 0.0512
1779439941.1034 45.4502 0.1809 -1.8466 0.0366 -0.0288 0.9981 0.0404
1779439941.2034 45.2752 0.2141 -1.8418 0.0379 -0.0275 0.9981 0.0396
1779439941.3042 45.0427 0.1737 -1.8483 0.0368 -0.0280 0.9983 0.0365
1779439941.4025 44.8545 0.2031 -1.8592 0.0373 -0.0285 0.9985 0.0268
1779439941.5044 44.6543 0.2570 -1.8973 0.0346 -0.0252 0.9987 0.0279
1779439941.6055 44.4261 0.2827 -1.8481 0.0331 -0.0268 0.9987 0.0281
1779439941.7037 44.1682 0.2663 -1.8723 0.0303 -0.0264 0.9989 0.0240
1779439941.9043 43.6895 0.2338 -1.6590 0.0508 -0.0208 0.9985 0.0082
1779439942.0035 43.4265 0.2417 -1.6357 0.0693 -0.0134 0.9975 0.0012
1779439942.1036 43.1688 0.2235 -1.4117 0.0861 -0.0080 0.9962 -0.0065
1779439942.2016 42.9115 0.2658 -1.6384 0.0995 -0.0153 0.9949 -0.0034
1779439942.3025 42.6607 0.2822 -1.6088 0.1000 -0.0172 0.9948 0.0060
1779439942.4028 42.4101 0.2855 -1.5220 0.0961 -0.0210 0.9951 0.0138
1779439942.5025 42.1703 0.3014 -1.5155 0.0938 -0.0257 0.9951 0.0154
1779439942.6028 41.9166 0.3188 -1.4633 0.0957 -0.0263 0.9949 0.0155
1779439942.7036 41.6589 0.2755 -1.4205 0.0955 -0.0274 0.9950 0.0109
1779439942.8025 41.4381 0.2805 -1.3952 0.0957 -0.0278 0.9950 0.0014
1779439942.9036 41.1976 0.2547 -1.3817 0.0947 -0.0218 0.9952 -0.0064
1779439943.0024 40.9383 0.2480 -1.3903 0.0914 -0.0175 0.9955 -0.0202
1779439943.1026 40.7138 0.2217 -1.2607 0.0867 -0.0112 0.9957 -0.0301
1779439943.2016 40.4886 0.2321 -1.2628 0.0865 -0.0097 0.9955 -0.0362
1779439943.3026 40.2665 0.2469 -1.2390 0.0859 -0.0093 0.9958 -0.0313
1779439943.4028 40.0370 0.2580 -1.1816 0.0835 -0.0105 0.9962 -0.0232
1779439943.5026 39.7793 0.2542 -1.2241 0.0832 -0.0129 0.9962 -0.0211
1779439943.6027 39.5422 0.2304 -1.1568 0.0776 -0.0136 0.9967 -0.0208
1779439943.7037 39.3052 0.2430 -1.1554 0.0761 -0.0142 0.9967 -0.0262
1779439943.8027 39.0623 0.2191 -1.0808 0.0755 -0.0137 0.9967 -0.0260
1779439943.9027 38.8534 0.2314 -1.1062 0.0749 -0.0111 0.9968 -0.0254
1779439944.0038 38.6231 0.2248 -1.0473 0.0718 -0.0091 0.9971 -0.0249
1779439944.1030 38.3936 0.2307 -1.0839 0.0683 -0.0072 0.9973 -0.0244
1779439944.2018 38.1508 0.2224 -1.0320 0.0633 -0.0049 0.9977 -0.0253
1779439944.3028 37.9068 0.2105 -1.0241 0.0613 -0.0035 0.9978 -0.0252
1779439944.4028 37.6676 0.2131 -0.9675 0.0598 -0.0036 0.9979 -0.0244
1779439944.5026 37.4435 0.1820 -0.9993 0.0545 -0.0032 0.9983 -0.0222
1779439944.6029 37.1817 0.1758 -1.0220 0.0559 -0.0027 0.9982 -0.0212
1779439944.8026 36.6947 0.2550 -0.9461 0.0441 -0.0027 0.9990 -0.0101
1779439944.9029 36.4349 0.2424 -0.9172 0.0442 -0.0029 0.9990 -0.0028
1779439945.0030 36.1719 0.2376 -0.9359 0.0444 -0.0034 0.9990 0.0039
1779439945.1030 35.9254 0.2593 -0.9103 0.0420 -0.0038 0.9991 0.0105
1779439945.2031 35.6675 0.2805 -0.9307 0.0394 -0.0039 0.9991 0.0172
1779439945.3027 35.4310 0.3542 -0.8861 0.0335 -0.0052 0.9992 0.0231
1779439945.4030 35.1904 0.3814 -0.9020 0.0316 -0.0097 0.9990 0.0294
1779439945.5033 34.9303 0.4156 -0.9334 0.0278 -0.0149 0.9989 0.0343
1779439945.6030 34.6669 0.4152 -0.9009 0.0229 -0.0188 0.9988 0.0379
1779439945.7040 34.4050 0.4433 -0.8782 0.0184 -0.0240 0.9989 0.0361
1779439945.8042 34.1402 0.4642 -0.9700 0.0162 -0.0274 0.9989 0.0341
1779439945.9032 33.8694 0.4815 -0.8946 0.0092 -0.0296 0.9989 0.0345
1779439946.1033 33.3041 0.5239 -0.9350 0.0023 -0.0321 0.9990 0.0300
1779439946.2041 33.0194 0.5042 -0.9299 -0.0004 -0.0327 0.9992 0.0214
1779439946.3029 32.7279 0.5257 -0.9722 -0.0022 -0.0306 0.9995 0.0112
1779439946.4042 32.4264 0.5193 -0.9589 -0.0048 -0.0282 0.9996 0.0004
1779439946.5044 32.1238 0.4953 -0.9841 -0.0043 -0.0266 0.9995 -0.0136
1779439946.6033 31.8142 0.4686 -0.9845 -0.0082 -0.0236 0.9994 -0.0250
1779439946.7051 31.4758 0.4296 -1.1139 -0.0072 -0.0201 0.9991 -0.0361
1779439946.8064 31.1759 0.4341 -1.1032 -0.0116 -0.0164 0.9990 -0.0400
1779439946.9050 30.8632 0.4084 -1.0717 -0.0162 -0.0103 0.9992 -0.0356
1779439947.1052 30.1660 0.3754 -1.1357 -0.0174 -0.0050 0.9993 -0.0326
1779439947.2067 29.7967 0.3505 -1.1865 -0.0169 -0.0031 0.9994 -0.0284
1779439947.3063 29.4294 0.3847 -1.1710 -0.0187 -0.0043 0.9995 -0.0260
1779439947.4045 29.0465 0.4347 -0.9054 -0.0012 -0.0023 0.9998 -0.0193
1779439947.5043 28.6382 0.4022 -0.9450 0.0203 -0.0081 0.9997 -0.0135
1779439947.6031 28.2175 0.4267 -1.0607 0.0458 -0.0127 0.9988 -0.0086
1779439947.7043 27.8378 0.4319 -1.0206 0.0366 -0.0164 0.9992 -0.0041
1779439947.8045 27.4596 0.4620 -1.0464 0.0385 -0.0200 0.9991 -0.0016
1779439947.9042 27.0707 0.3972 -1.0403 0.0399 -0.0173 0.9990 -0.0036
1779439948.0046 26.6751 0.3330 -1.0001 0.0395 -0.0148 0.9990 -0.0179
1779439948.2034 25.9549 0.3691 -0.9262 0.0381 -0.0046 0.9985 -0.0391
1779439948.3043 25.5733 0.3933 -0.9602 0.0418 -0.0025 0.9985 -0.0359
1779439948.4033 25.1837 0.4129 -0.9235 0.0451 0.0029 0.9987 -0.0224
1779439948.5035 24.8463 0.4075 -0.9003 0.0406 0.0004 0.9991 -0.0152
1779439948.6045 24.4534 0.4597 -0.9518 0.0467 0.0002 0.9989 -0.0044
1779439948.7034 24.1365 0.4326 -0.8488 0.0377 0.0019 0.9993 0.0012
1779439948.8046 23.7616 0.4209 -0.8463 0.0379 -0.0052 0.9992 -0.0074
1779439948.9044 23.3918 0.4659 -0.8083 0.0385 -0.0026 0.9992 -0.0067
1779439949.0035 23.0532 0.4451 -0.8311 0.0381 -0.0043 0.9993 -0.0040
1779439949.1034 22.6876 0.4500 -0.8479 0.0390 -0.0058 0.9992 -0.0035
1779439949.3045 21.9982 0.4852 -0.7400 0.0358 -0.0035 0.9993 0.0049
1779439949.4035 21.6249 0.4875 -0.8355 0.0404 -0.0017 0.9992 0.0028
1779439949.5035 21.2892 0.4984 -0.7276 0.0363 0.0011 0.9993 0.0007
1779439949.6046 20.9489 0.5385 -0.7849 0.0350 -0.0039 0.9994 -0.0010
1779439949.7037 20.5972 0.5612 -0.6701 0.0341 -0.0034 0.9994 0.0072
1779439949.8046 20.2461 0.6011 -0.7228 0.0360 -0.0092 0.9993 0.0094
1779439949.9049 19.8802 0.6039 -0.6953 0.0367 -0.0091 0.9992 0.0083
1779439950.0048 19.5233 0.6309 -0.6872 0.0383 -0.0057 0.9992 0.0077
1779439950.1048 19.1771 0.6302 -0.6764 0.0344 -0.0024 0.9994 0.0045
1779439950.2037 18.8167 0.6439 -0.7034 0.0333 0.0015 0.9994 0.0023
1779439950.3045 18.4629 0.6575 -0.6262 0.0306 0.0031 0.9995 -0.0008
1779439950.4035 18.1021 0.6786 -0.6481 0.0327 0.0007 0.9995 -0.0003
1779439950.5045 17.7421 0.7146 -0.5932 0.0357 0.0005 0.9993 0.0064
1779439950.6048 17.3863 0.7369 -0.6105 0.0361 -0.0014 0.9993 0.0128
1779439950.7045 17.0244 0.7615 -0.5769 0.0379 -0.0018 0.9991 0.0203
1779439950.8049 16.6734 0.8007 -0.5687 0.0377 -0.0037 0.9989 0.0270
1779439950.9055 16.3190 0.8602 -0.5738 0.0361 -0.0066 0.9988 0.0318
1779439951.0048 15.9718 0.8566 -0.5553 0.0346 -0.0099 0.9988 0.0342
1779439951.1049 15.6275 0.8532 -0.5142 0.0347 -0.0138 0.9988 0.0310
1779439951.2037 15.2657 0.8946 -0.5369 0.0376 -0.0166 0.9988 0.0273
1779439951.3051 14.9082 0.8911 -0.5492 0.0354 -0.0202 0.9988 0.0261
1779439951.4069 14.5667 0.9157 -0.5619 0.0312 -0.0220 0.9990 0.0243
1779439951.5052 14.2266 0.9142 -0.5055 0.0279 -0.0230 0.9991 0.0234
1779439951.7068 13.5380 0.8861 -0.4760 0.0305 -0.0190 0.9993 0.0114
1779439951.8052 13.2130 0.8257 -0.4570 0.0315 -0.0129 0.9994 -0.0029
1779439951.9051 12.8809 0.8189 -0.4486 0.0347 -0.0062 0.9992 -0.0206
1779439952.0049 12.5376 0.8119 -0.4243 0.0354 0.0051 0.9990 -0.0281
1779439952.1051 12.1963 0.7983 -0.4397 0.0343 0.0113 0.9988 -0.0323
1779439952.3039 11.5032 0.8374 -0.4126 0.0337 0.0232 0.9990 -0.0185
1779439952.5037 10.8238 0.9138 -0.3740 0.0351 0.0299 0.9989 -0.0005
1779439952.6039 10.4998 0.9400 -0.3753 0.0371 0.0321 0.9988 0.0092
1779439952.7050 10.1837 1.0174 -0.3737 0.0351 0.0316 0.9987 0.0200
1779439952.8051 9.8524 1.0727 -0.3812 0.0352 0.0293 0.9982 0.0390
1779439952.9058 9.5623 1.1665 -0.3595 0.0309 0.0261 0.9972 0.0621
1779439953.0076 9.2542 1.2419 -0.3619 0.0305 0.0189 0.9961 0.0811
1779439953.1071 8.9691 1.3326 -0.3054 0.0320 0.0118 0.9949 0.0952
1779439953.2071 8.6621 1.4487 -0.3025 0.0368 0.0013 0.9938 0.1046
1779439953.4060 8.0567 1.6263 -0.3287 0.0333 -0.0189 0.9921 0.1191
1779439953.5070 7.7565 1.6908 -0.3225 0.0310 -0.0270 0.9923 0.1166
1779439953.6054 7.4860 1.7249 -0.2996 0.0251 -0.0324 0.9931 0.1098
1779439953.7071 7.1944 1.7631 -0.2871 0.0232 -0.0366 0.9939 0.1013
1779439953.8073 6.9204 1.7879 -0.2455 0.0266 -0.0400 0.9947 0.0912
1779439953.9072 6.6369 1.8142 -0.2725 0.0285 -0.0440 0.9952 0.0827
1779439954.0071 6.3429 1.8352 -0.2044 0.0329 -0.0494 0.9956 0.0722
1779439954.1052 6.0642 1.8618 -0.2206 0.0377 -0.0560 0.9958 0.0619
1779439954.2071 5.7982 1.8412 -0.2349 0.0391 -0.0602 0.9963 0.0470
1779439954.3042 5.5536 1.8218 -0.2374 0.0358 -0.0641 0.9969 0.0265
1779439954.4052 5.2889 1.7649 -0.2203 0.0353 -0.0689 0.9970 0.0053
1779439954.5060 5.0509 1.6955 -0.2198 0.0348 -0.0729 0.9966 -0.0160
1779439954.6059 4.8051 1.5996 -0.2138 0.0336 -0.0767 0.9955 -0.0441
1779439954.7060 4.5805 1.4585 -0.2072 0.0335 -0.0790 0.9931 -0.0794
1779439954.8073 4.3721 1.2842 -0.2035 0.0346 -0.0811 0.9894 -0.1158
1779439954.9054 4.2019 1.1552 -0.2136 0.0361 -0.0828 0.9845 -0.1504
1779439955.1042 3.8442 0.8511 -0.1644 0.0469 -0.0832 0.9704 -0.2219
1779439955.3031 3.6205 0.4962 -0.1536 0.0567 -0.0815 0.9498 -0.2966
1779439955.4023 3.5213 0.3721 -0.1852 0.0601 -0.0792 0.9372 -0.3342
1779439955.5040 3.4194 0.1571 -0.2073 0.0602 -0.0802 0.9218 -0.3744
1779439955.7026 3.3449 -0.2997 -0.2206 0.0560 -0.0835 0.8873 -0.4501
1779439955.8025 3.3473 -0.5383 -0.2178 0.0588 -0.0862 0.8670 -0.4873
1779439955.9024 3.3565 -0.7579 -0.2325 0.0636 -0.0836 0.8455 -0.5235
1779439956.0026 3.3521 -1.0314 -0.2436 0.0694 -0.0814 0.8189 -0.5639
1779439956.1027 3.5688 -1.2740 -0.2388 0.0737 -0.0770 0.7884 -0.6059
1779439956.2026 3.7631 -1.4999 -0.2274 0.0763 -0.0711 0.7572 -0.6448
1779439956.3041 3.9154 -1.6914 -0.1952 0.0800 -0.0684 0.7227 -0.6831
1779439956.4033 4.0888 -1.8310 -0.2360 -0.0804 0.0648 -0.6903 0.7161
1779439956.5042 4.2796 -2.0052 -0.2625 -0.0813 0.0649 -0.6567 0.7470
1779439956.6033 4.4555 -2.1546 -0.2359 -0.0821 0.0667 -0.6209 0.7767
1779439956.7026 4.5964 -2.2555 -0.2210 -0.0815 0.0656 -0.5832 0.8056
1779439956.8063 4.6904 -2.3818 -0.2140 -0.0803 0.0643 -0.5402 0.8353
1779439956.9078 4.9313 -2.4467 -0.2109 -0.0813 0.0606 -0.4961 0.8624
1779439957.0034 5.1960 -2.4760 -0.2285 -0.0813 0.0552 -0.4517 0.8867
1779439957.1015 5.3667 -2.5191 -0.2626 -0.0808 0.0498 -0.4053 0.9092
1779439957.2025 5.5593 -2.5678 -0.2825 -0.0795 0.0423 -0.3558 0.9302
1779439957.3028 5.7488 -2.5788 -0.2705 -0.0783 0.0356 -0.3062 0.9481
1779439957.4027 5.9652 -2.5506 -0.2908 -0.0751 0.0273 -0.2561 0.9633
1779439957.5027 6.1095 -2.5110 -0.2714 -0.0714 0.0223 -0.2094 0.9750
1779439957.6033 6.2584 -2.5472 -0.2914 -0.0668 0.0156 -0.1722 0.9827
1779439957.7028 6.4460 -2.5228 -0.3009 -0.0615 0.0136 -0.1447 0.9875
1779439957.9043 5.8359 -2.0589 -0.3203 -0.0595 0.0118 -0.1224 0.9906
1779439958.0027 6.0349 -1.9836 -0.3208 -0.0538 0.0073 -0.1043 0.9931
1779439958.1033 6.2303 -1.9412 -0.2974 -0.0520 0.0065 -0.0761 0.9957
1779439958.2025 6.4135 -1.9019 -0.2671 -0.0451 0.0038 -0.0594 0.9972
1779439958.3034 6.5825 -1.8487 -0.3025 -0.0381 0.0016 -0.0438 0.9983
1779439958.4035 6.7617 -1.8325 -0.2854 -0.0298 0.0016 -0.0288 0.9991
1779439958.5027 6.9489 -1.8522 -0.2942 -0.0200 0.0006 -0.0164 0.9997
1779439958.6028 7.1663 -1.7973 -0.2769 -0.0148 0.0004 -0.0027 0.9999
1779439958.7046 7.3908 -1.8185 -0.2877 -0.0121 -0.0013 0.0010 0.9999
1779439958.8028 7.6106 -1.8018 -0.2900 -0.0115 -0.0027 -0.0035 0.9999
1779439958.9035 7.8231 -1.8144 -0.3113 -0.0151 -0.0023 -0.0061 0.9999
1779439959.0028 8.0244 -1.7910 -0.3323 -0.0164 -0.0017 -0.0151 0.9997
1779439959.1034 8.2673 -1.8154 -0.3553 -0.0187 -0.0012 -0.0156 0.9997
1779439959.2028 8.4982 -1.8206 -0.3411 -0.0197 0.0002 -0.0126 0.9997
1779439959.3029 8.7156 -1.7955 -0.3091 -0.0196 -0.0001 -0.0125 0.9997
1779439959.4029 8.9780 -1.7949 -0.3133 -0.0177 -0.0064 -0.0099 0.9998
1779439959.5027 9.2265 -1.7790 -0.3584 -0.0132 -0.0078 -0.0090 0.9998
1779439959.6027 9.4961 -1.7675 -0.3695 -0.0088 -0.0037 -0.0097 0.9999
1779439959.7035 9.7442 -1.7617 -0.3823 -0.0076 -0.0011 -0.0096 0.9999
1779439959.9029 10.2377 -1.8194 -0.3792 -0.0122 0.0077 -0.0089 0.9999
1779439960.0030 10.5260 -1.7933 -0.4009 -0.0141 0.0040 -0.0095 0.9998
1779439960.1029 10.7844 -1.7986 -0.4055 -0.0170 0.0053 -0.0091 0.9998
1779439960.2030 11.0457 -1.7910 -0.4326 -0.0186 0.0030 -0.0094 0.9998
1779439960.3028 11.3080 -1.8043 -0.4290 -0.0199 0.0020 -0.0097 0.9998
1779439960.4029 11.5853 -1.8088 -0.3943 -0.0211 -0.0022 -0.0099 0.9997
1779439960.5031 11.8712 -1.8312 -0.4565 -0.0194 -0.0023 -0.0089 0.9998
1779439960.6029 12.1572 -1.8523 -0.4705 -0.0198 -0.0030 -0.0047 0.9998
1779439960.7029 12.4756 -1.8190 -0.4820 -0.0197 -0.0027 0.0001 0.9998
1779439960.8045 12.7422 -1.7985 -0.4723 -0.0191 0.0044 0.0040 0.9998
1779439960.9029 13.0112 -1.7848 -0.5045 -0.0174 0.0022 0.0077 0.9998
1779439961.0030 13.3060 -1.7624 -0.4923 -0.0169 -0.0005 0.0116 0.9998
1779439961.1030 13.5733 -1.7278 -0.5389 -0.0156 0.0025 0.0149 0.9998
1779439961.2029 13.8650 -1.7166 -0.5520 -0.0147 0.0041 0.0190 0.9997
1779439961.3018 14.1528 -1.6858 -0.5520 -0.0140 0.0017 0.0228 0.9996
1779439961.4028 14.4512 -1.6671 -0.5091 -0.0131 0.0018 0.0276 0.9995
1779439961.5030 14.7576 -1.6545 -0.5581 -0.0079 -0.0033 0.0322 0.9994
1779439961.7030 15.3413 -1.6643 -0.5680 0.0010 -0.0044 0.0382 0.9993
1779439961.8030 15.6568 -1.6922 -0.5660 0.0056 -0.0044 0.0326 0.9994
1779439961.9019 15.9756 -1.6972 -0.5689 0.0096 -0.0055 0.0250 0.9996
1779439962.0031 16.2800 -1.6927 -0.5916 0.0117 -0.0076 0.0190 0.9997
1779439962.1019 16.5875 -1.7100 -0.6030 0.0106 -0.0059 0.0140 0.9998
1779439962.2029 16.9074 -1.6777 -0.6130 0.0082 -0.0016 0.0083 0.9999
1779439962.3031 17.2092 -1.7190 -0.6108 0.0042 -0.0023 0.0021 1.0000
1779439962.4019 17.5160 -1.7460 -0.6318 0.0006 -0.0018 -0.0078 1.0000
1779439962.5031 17.8282 -1.7960 -0.6560 -0.0034 -0.0013 -0.0187 0.9998
1779439962.7030 18.4559 -1.8405 -0.6717 -0.0120 0.0026 -0.0306 0.9995
1779439962.8033 18.7865 -1.8684 -0.6640 -0.0154 0.0047 -0.0293 0.9994
1779439962.9019 19.1003 -1.8859 -0.7032 -0.0151 0.0016 -0.0295 0.9995
1779439963.0031 19.4285 -1.8954 -0.7153 -0.0148 0.0000 -0.0301 0.9994
1779439963.1019 19.7243 -1.9083 -0.7036 -0.0168 0.0016 -0.0286 0.9994
1779439963.3031 20.3651 -1.9656 -0.7902 -0.0195 -0.0008 -0.0259 0.9995
1779439963.4020 20.7021 -1.9714 -0.7417 -0.0218 0.0013 -0.0202 0.9996
1779439963.5031 21.0265 -1.9722 -0.8117 -0.0199 0.0019 -0.0151 0.9997
1779439963.7019 21.6840 -1.9925 -0.8080 -0.0195 0.0063 -0.0036 0.9998
1779439963.8032 22.0337 -1.9939 -0.8172 -0.0180 0.0052 -0.0005 0.9998
1779439963.9033 22.3783 -1.9824 -0.8103 -0.0163 0.0040 0.0034 0.9999
1779439964.0022 22.7071 -1.9925 -0.8039 -0.0128 0.0025 0.0084 0.9999
1779439964.1020 23.0621 -2.0014 -0.8466 -0.0073 0.0036 0.0121 0.9999
1779439964.2022 23.4405 -2.0372 -0.8565 0.0001 0.0038 0.0152 0.9999
1779439964.4031 24.1781 -2.0320 -1.0257 0.0055 0.0042 0.0062 1.0000
1779439964.5030 24.5326 -2.1368 -0.9059 0.0029 0.0098 -0.0024 0.9999
1779439964.6033 24.8308 -2.1404 -1.0138 -0.0051 0.0113 -0.0095 0.9999
1779439964.7022 25.1838 -2.1369 -0.8976 -0.0099 0.0099 -0.0165 0.9998
1779439964.8021 25.5059 -2.1890 -1.0506 -0.0145 0.0016 -0.0220 0.9997
1779439964.9032 25.8757 -2.1986 -0.9783 -0.0184 -0.0026 -0.0192 0.9996
1779439965.0022 26.2231 -2.2358 -1.0429 -0.0201 0.0000 -0.0155 0.9997
1779439965.1032 26.6141 -2.2818 -1.0549 -0.0203 -0.0011 -0.0144 0.9997
1779439965.3022 27.3136 -2.2867 -0.9825 -0.0143 0.0038 -0.0087 0.9999
1779439965.4034 27.6756 -2.2716 -1.1722 -0.0091 -0.0001 -0.0023 1.0000
1779439965.5022 28.0521 -2.2892 -1.1417 -0.0073 0.0067 0.0014 0.9999
1779439965.6032 28.4607 -2.3124 -0.6466 -0.0057 -0.0018 -0.0004 1.0000
1779439965.7033 28.8539 -2.3076 -0.6766 -0.0075 -0.0258 0.0003 0.9996
1779439965.8020 29.2626 -2.3680 -1.0574 -0.0132 -0.0625 -0.0089 0.9979
1779439965.9032 29.5974 -2.3840 -0.9566 -0.0136 -0.0554 -0.0208 0.9982
1779439966.0033 29.9632 -2.4470 -1.0958 -0.0182 -0.0538 -0.0218 0.9981
1779439966.1023 30.3200 -2.4252 -0.9943 -0.0154 -0.0565 -0.0213 0.9981
1779439966.2014 30.6486 -2.4208 -0.9964 -0.0121 -0.0559 -0.0136 0.9983
1779439966.3015 30.9794 -2.4162 -0.9133 -0.0068 -0.0515 -0.0040 0.9986
1779439966.4023 31.3074 -2.4450 -0.9403 -0.0012 -0.0480 -0.0020 0.9988
1779439966.5021 31.6380 -2.4259 -1.0115 -0.0037 -0.0465 -0.0077 0.9989
1779439966.6016 31.9498 -2.4867 -1.0286 -0.0055 -0.0452 -0.0224 0.9987
1779439966.7033 32.2350 -2.5510 -0.8107 -0.0111 -0.0386 -0.0314 0.9987
1779439966.8023 32.5328 -2.5608 -0.9818 -0.0150 -0.0392 -0.0309 0.9986
1779439966.9024 32.8093 -2.5701 -0.9663 -0.0154 -0.0370 -0.0258 0.9989
1779439967.0033 33.1008 -2.5523 -0.9111 -0.0167 -0.0334 -0.0169 0.9992
1779439967.1021 33.3651 -2.5413 -0.9472 -0.0153 -0.0296 -0.0139 0.9993
1779439967.2024 33.6457 -2.5673 -0.9503 -0.0166 -0.0265 -0.0137 0.9994
1779439967.3017 33.9253 -2.5883 -0.9598 -0.0195 -0.0208 -0.0140 0.9995
1779439967.4024 34.1885 -2.6044 -0.9450 -0.0187 -0.0185 -0.0204 0.9994
1779439967.5035 34.4606 -2.6487 -0.9363 -0.0214 -0.0151 -0.0199 0.9995
1779439967.7024 34.9942 -2.5775 -0.9756 -0.0153 -0.0082 -0.0095 0.9998
1779439967.8035 35.2627 -2.6028 -1.0126 -0.0117 -0.0036 0.0029 0.9999
1779439967.9033 35.5040 -2.6120 -1.0235 -0.0053 -0.0015 0.0082 1.0000
1779439968.0037 35.7555 -2.6193 -0.9823 -0.0015 0.0028 0.0108 0.9999
1779439968.1025 36.0078 -2.5954 -1.0255 0.0034 0.0048 0.0130 0.9999
1779439968.2037 36.2839 -2.5797 -1.0699 0.0104 0.0057 0.0107 0.9999
1779439968.3034 36.5450 -2.5607 -1.0227 0.0139 0.0081 0.0092 0.9998
1779439968.4036 36.8476 -2.5426 -1.1335 0.0139 0.0100 -0.0007 0.9999
1779439968.5044 37.0770 -2.6514 -1.1030 0.0104 0.0118 -0.0173 0.9997
1779439968.7054 37.5420 -2.7516 -1.1846 -0.0034 0.0203 -0.0554 0.9983
1779439968.8053 37.8111 -2.8466 -1.1840 -0.0113 0.0234 -0.0639 0.9976
1779439968.9039 38.0906 -2.9422 -1.2385 -0.0175 0.0283 -0.0635 0.9974
1779439969.1037 38.6325 -2.9721 -1.2931 -0.0258 0.0348 -0.0568 0.9974
1779439969.3057 39.1830 -2.9890 -1.4073 -0.0274 0.0385 -0.0458 0.9978
1779439969.4046 39.4835 -2.9749 -1.3675 -0.0267 0.0448 -0.0339 0.9981
1779439969.6067 40.0124 -2.9678 -1.4822 -0.0147 0.0476 -0.0083 0.9987
1779439969.7065 40.2933 -2.9958 -1.5026 -0.0074 0.0501 0.0020 0.9987
1779439969.8078 40.5675 -2.9651 -1.5427 -0.0012 0.0513 0.0051 0.9987
1779439969.9090 40.8406 -2.9695 -1.6022 0.0034 0.0517 0.0037 0.9986
1779439970.1069 41.3922 -2.9938 -1.6680 0.0096 0.0550 -0.0103 0.9984
1779439970.2076 41.6622 -3.0491 -1.7313 0.0113 0.0552 -0.0172 0.9983
1779439970.3076 41.9650 -3.1034 -1.7504 0.0138 0.0554 -0.0234 0.9981
1779439970.4088 42.2488 -3.1371 -1.7890 0.0164 0.0579 -0.0304 0.9977
1779439970.5087 42.5422 -3.1635 -1.8447 0.0171 0.0574 -0.0384 0.9975
1779439970.6093 42.8497 -3.1840 -1.8482 0.0147 0.0572 -0.0488 0.9971
1779439970.7066 43.1466 -3.2934 -1.6384 0.0052 0.0388 -0.0643 0.9972
1779439970.8040 43.4661 -3.3884 -1.5668 -0.0050 0.0208 -0.0802 0.9965
1779439970.9046 43.8061 -3.4765 -1.8435 -0.0092 -0.0090 -0.0932 0.9956
1779439971.0040 44.1271 -3.5238 -1.9338 -0.0104 -0.0061 -0.0947 0.9954
1779439971.1048 44.4019 -3.5648 -1.9459 -0.0132 0.0036 -0.0911 0.9957
1779439971.2040 44.6702 -3.6300 -1.8664 -0.0210 0.0080 -0.0903 0.9957
1779439971.3047 44.9586 -3.6513 -1.9061 -0.0263 0.0051 -0.0884 0.9957
1779439971.4056 45.2096 -3.7023 -1.8924 -0.0325 0.0029 -0.0876 0.9956
