-19.84979512	-1.59998278	1.47369736
-19.54979512	-1.59998278	1.47006479
-19.24979512	-1.59998278	1.46442585
-18.94979512	-1.59998278	1.45589245
-18.64979512	-1.59998278	1.43878569
-18.34979512	-1.59998278	1.42715025
-18.04979512	-1.59998278	1.42505055
-17.74979512	-1.59998278	1.41650552
-17.44979512	-1.59998278	1.41563455
-17.14979512	-1.59998278	1.40058700
-16.84979512	-1.59998278	1.39953980
-16.54979512	-1.59998278	1.36935459
-16.24979512	-1.59998278	1.39677406
-15.94979512	-1.59998278	1.39677406
-15.64979512	-1.59998278	1.39677406
-15.34979512	-1.59998278	1.39677406
-15.04979512	-1.59998278	1.40002013
-14.74979512	-1.59998278	1.37952312
-14.44979512	-1.59998278	1.35397145
-14.14979512	-1.59998278	1.39677406
-13.84979512	-1.59998278	1.40980247
-13.54979512	-1.59998278	1.40310636
-13.24979512	-1.59998278	1.43326606
-12.94979512	-1.59998278	1.42782786
-12.64979512	-1.59998278	1.42782786
-12.34979512	-1.59998278	1.43326606
-12.04979512	-1.59998278	1.42782786
-11.74979512	-1.59998278	1.42688100
-11.44979512	-1.59998278	1.04870805
-11.14979512	-1.59998278	1.01214951
-10.84979512	-1.59998278	1.04870805
-10.54979512	-1.59998278	1.05343492
-10.24979512	-1.59998278	1.07628822
-9.94979512	-1.59998278	1.05343492
-9.64979512	-1.59998278	1.22841738
-9.34979512	-1.59998278	1.42937856
-9.04979512	-1.59998278	1.43857381
-8.74979512	-1.59998278	1.22841738
-8.44979512	-1.59998278	0.85433048
-8.14979512	-1.59998278	0.86752934
-7.84979512	-1.59998278	1.03076892
-7.54979512	-1.59998278	1.02573558
-7.24979512	-1.59998278	0.67837039
-6.94979512	-1.59998278	0.63908916
-6.64979512	-1.59998278	0.59855405
-6.34979512	-1.59998278	0.56845633
-6.04979512	-1.59998278	0.54178863
-5.74979512	-1.59998278	0.53184530
-5.44979512	-1.59998278	0.52620203
-5.14979512	-1.59998278	0.47368365
-4.84979512	-1.59998278	0.50555159
-4.54979512	-1.59998278	0.39018236
-4.24979512	-1.59998278	0.43520893
-3.94979512	-1.59998278	0.29337537
-3.64979512	-1.59998278	0.35989802
-3.34979512	-1.59998278	0.38104869
-3.04979512	-1.59998278	0.31057417
-2.74979512	-1.59998278	0.27049743
-2.44979512	-1.59998278	0.23432775
-2.14979512	-1.59998278	0.21031679
-1.84979512	-1.59998278	0.14050356
-1.54979512	-1.59998278	0.13548067
-1.24979512	-1.59998278	0.11572939
-0.94979512	-1.59998278	0.06640852
-0.64979512	-1.59998278	0.03224118
-0.34979512	-1.59998278	-0.01157397
-0.04979512	-1.59998278	-0.02623086
0.25020488	-1.59998278	-0.06598550
0.55020488	-1.59998278	-0.08473981
0.85020488	-1.59998278	-0.10006873
1.15020488	-1.59998278	-0.13773309
1.45020488	-1.59998278	-0.16747462
1.75020488	-1.59998278	-0.19822843
2.05020488	-1.59998278	-0.20875230
2.35020488	-1.59998278	-0.31742244
2.65020488	-1.59998278	-0.26090041
2.95020488	-1.59998278	-0.34683809
3.25020488	-1.59998278	-0.35071091
3.55020488	-1.59998278	-0.36548647
3.85020488	-1.59998278	-0.38245713
4.15020488	-1.59998278	-0.36919678
4.45020488	-1.59998278	-0.40728290
4.75020488	-1.59998278	-0.41344949
5.05020488	-1.59998278	-0.43411453
5.35020488	-1.59998278	-0.45009151
5.65020488	-1.59998278	-0.46638475
5.95020488	-1.59998278	-0.10654575
6.25020488	-1.59998278	-0.11052934
6.55020488	-1.59998278	-0.11678437
6.85020488	-1.59998278	-0.12174050
7.15020488	-1.59998278	-0.10755064
7.45020488	-1.59998278	-0.10138352
7.75020488	-1.59998278	-0.10064935
8.05020488	-1.59998278	-0.09677967
8.35020488	-1.59998278	-0.09603816
8.65020488	-1.59998278	-0.10253344
8.95020488	-1.59998278	-0.09879107
9.25020488	-1.59998278	-0.08955243
9.55020488	-1.59998278	-0.08274950
9.85020488	-1.59998278	-0.08628552
10.15020488	-1.59998278	-0.07910640
10.45020488	-1.59998278	-0.89830186
10.75020488	-1.59998278	-0.07978618
11.05020488	-1.59998278	-0.07094301
11.35020488	-1.59998278	-0.08266763
11.65020488	-1.59998278	-0.08919457
11.95020488	-1.59998278	-0.08354594
12.25020488	-1.59998278	-0.09951396
12.55020488	-1.59998278	-0.11916996
12.85020488	-1.59998278	-0.08954774
13.15020488	-1.59998278	-0.10358065
13.45020488	-1.59998278	-0.11204140
13.75020488	-1.59998278	-0.12762476
14.05020488	-1.59998278	-0.09417205
14.35020488	-1.59998278	-0.10339854
14.65020488	-1.59998278	-0.11970381
14.95020488	-1.59998278	-0.13287661
15.25020488	-1.59998278	-0.15429133
15.55020488	-1.59998278	-0.10771682
15.85020488	-1.59998278	-0.11315107
16.15020488	-1.59998278	-0.12882593
16.45020488	-1.59998278	-0.15429133
16.75020488	-1.59998278	-0.12882593
17.05020488	-1.59998278	-0.12882593
17.35020488	-1.59998278	-0.12882593
17.65020488	-1.59998278	-0.12882593
17.95020488	-1.59998278	-0.12882593
18.25020488	-1.59998278	-0.12882593
18.55020488	-1.59998278	-0.12882593
18.85020488	-1.59998278	-1.66931546
19.15020488	-1.59998278	-1.66931546
-19.84979512	-1.29998278	1.45421104
-19.54979512	-1.29998278	1.46419244
-19.24979512	-1.29998278	1.46110480
-18.94979512	-1.29998278	1.46630649
-18.64979512	-1.29998278	1.46289440
-18.34979512	-1.29998278	1.45271014
-18.04979512	-1.29998278	1.41253851
-17.74979512	-1.29998278	1.41534991
-17.44979512	-1.29998278	1.41046818
-17.14979512	-1.29998278	1.39976865
-16.84979512	-1.29998278	1.36951689
-16.54979512	-1.29998278	1.38127787
-16.24979512	-1.29998278	1.35397145
-15.94979512	-1.29998278	1.38837977
-15.64979512	-1.29998278	1.39677406
-15.34979512	-1.29998278	1.38837977
-15.04979512	-1.29998278	1.39677406
-14.74979512	-1.29998278	1.38386768
-14.44979512	-1.29998278	1.35397145
-14.14979512	-1.29998278	1.39677406
-13.84979512	-1.29998278	1.40980247
-13.54979512	-1.29998278	1.40310636
-13.24979512	-1.29998278	1.43326606
-12.94979512	-1.29998278	1.42782786
-12.64979512	-1.29998278	1.43326606
-12.34979512	-1.29998278	1.42782786
-12.04979512	-1.29998278	1.42782786
-11.74979512	-1.29998278	1.04870805
-11.44979512	-1.29998278	1.04870805
-11.14979512	-1.29998278	1.01214951
-10.84979512	-1.29998278	1.04870805
-10.54979512	-1.29998278	1.05343492
-10.24979512	-1.29998278	1.07628822
-9.94979512	-1.29998278	1.04870805
-9.64979512	-1.29998278	0.87810843
-9.34979512	-1.29998278	1.42937856
-9.04979512	-1.29998278	1.43857381
-8.74979512	-1.29998278	1.22841738
-8.44979512	-1.29998278	0.85433048
-8.14979512	-1.29998278	0.86752934
-7.84979512	-1.29998278	1.03076892
-7.54979512	-1.29998278	1.02573558
-7.24979512	-1.29998278	0.67067692
-6.94979512	-1.29998278	0.63309407
-6.64979512	-1.29998278	0.59829825
-6.34979512	-1.29998278	0.55939137
-6.04979512	-1.29998278	0.53189168
-5.74979512	-1.29998278	0.49141138
-5.44979512	-1.29998278	0.46641383
-5.14979512	-1.29998278	0.47368365
-4.84979512	-1.29998278	0.42696071
-4.54979512	-1.29998278	0.39018236
-4.24979512	-1.29998278	0.43520893
-3.94979512	-1.29998278	0.29337537
-3.64979512	-1.29998278	0.35989802
-3.34979512	-1.29998278	0.28289498
-3.04979512	-1.29998278	0.24193063
-2.74979512	-1.29998278	0.27049743
-2.44979512	-1.29998278	0.23432775
-2.14979512	-1.29998278	0.21031679
-1.84979512	-1.29998278	0.17101724
-1.54979512	-1.29998278	0.13548067
-1.24979512	-1.29998278	0.11572939
-0.94979512	-1.29998278	0.06640852
-0.64979512	-1.29998278	0.03224118
-0.34979512	-1.29998278	-0.01157397
-0.04979512	-1.29998278	-0.02623086
0.25020488	-1.29998278	-0.06598550
0.55020488	-1.29998278	-0.08473981
0.85020488	-1.29998278	-0.10006873
1.15020488	-1.29998278	-0.13773309
1.45020488	-1.29998278	-0.16747462
1.75020488	-1.29998278	-0.19822843
2.05020488	-1.29998278	-0.20875230
2.35020488	-1.29998278	-0.20875230
2.65020488	-1.29998278	-0.26090041
2.95020488	-1.29998278	-0.29340047
3.25020488	-1.29998278	-0.36222775
3.55020488	-1.29998278	-0.35826069
3.85020488	-1.29998278	-0.38773763
4.15020488	-1.29998278	-0.39050997
4.45020488	-1.29998278	-0.40095107
4.75020488	-1.29998278	-0.42345149
5.05020488	-1.29998278	-0.44075448
5.35020488	-1.29998278	-0.46250080
5.65020488	-1.29998278	-0.47953320
5.95020488	-1.29998278	-0.10654575
6.25020488	-1.29998278	-0.11052934
6.55020488	-1.29998278	-0.11678437
6.85020488	-1.29998278	-0.12174050
7.15020488	-1.29998278	-0.10755064
7.45020488	-1.29998278	-0.10138352
7.75020488	-1.29998278	-0.10064935
8.05020488	-1.29998278	-0.09677967
8.35020488	-1.29998278	-0.09603816
8.65020488	-1.29998278	-0.10253344
8.95020488	-1.29998278	-0.09879107
9.25020488	-1.29998278	-0.08955243
9.55020488	-1.29998278	-0.08274950
9.85020488	-1.29998278	-0.08628552
10.15020488	-1.29998278	-0.07910640
10.45020488	-1.29998278	-0.89830186
10.75020488	-1.29998278	-0.07978618
11.05020488	-1.29998278	-0.07094301
11.35020488	-1.29998278	-0.08266763
11.65020488	-1.29998278	-0.08919457
11.95020488	-1.29998278	-0.08354594
12.25020488	-1.29998278	-0.09951396
12.55020488	-1.29998278	-0.11916996
12.85020488	-1.29998278	-0.08954774
13.15020488	-1.29998278	-0.10358065
13.45020488	-1.29998278	-0.11204140
13.75020488	-1.29998278	-0.12762476
14.05020488	-1.29998278	-0.09417205
14.35020488	-1.29998278	-0.10339854
14.65020488	-1.29998278	-0.11970381
14.95020488	-1.29998278	-0.13287661
15.25020488	-1.29998278	-0.15429133
15.55020488	-1.29998278	-0.10771682
15.85020488	-1.29998278	-0.11315107
16.15020488	-1.29998278	-0.12882593
16.45020488	-1.29998278	-0.12882593
16.75020488	-1.29998278	-0.12882593
17.05020488	-1.29998278	-0.12882593
17.35020488	-1.29998278	-0.13194548
17.65020488	-1.29998278	-0.12882593
17.95020488	-1.29998278	-0.13194548
18.25020488	-1.29998278	-0.12882593
18.55020488	-1.29998278	-1.66931546
18.85020488	-1.29998278	-1.66931546
19.15020488	-1.29998278	-1.66931546
-19.84979512	-0.99998278	1.44178070
-19.54979512	-0.99998278	1.43952436
-19.24979512	-0.99998278	1.44381446
-18.94979512	-0.99998278	1.43522751
-18.64979512	-0.99998278	1.43839872
-18.34979512	-0.99998278	1.42869897
-18.04979512	-0.99998278	1.41553575
-17.74979512	-0.99998278	1.41198094
-17.44979512	-0.99998278	1.41605997
-17.14979512	-0.99998278	1.40395003
-16.84979512	-0.99998278	1.40289012
-16.54979512	-0.99998278	1.36873851
-16.24979512	-0.99998278	1.39396181
-15.94979512	-0.99998278	1.38800349
-15.64979512	-0.99998278	1.39579181
-15.34979512	-0.99998278	1.39134127
-15.04979512	-0.99998278	1.39356886
-14.74979512	-0.99998278	1.38374671
-14.44979512	-0.99998278	1.36952056
-14.14979512	-0.99998278	1.34265826
-13.84979512	-0.99998278	1.34135608
-13.54979512	-0.99998278	1.30023752
-13.24979512	-0.99998278	1.27729091
-12.94979512	-0.99998278	1.21025014
-12.64979512	-0.99998278	1.22756689
-12.34979512	-0.99998278	1.18647894
-12.04979512	-0.99998278	1.11855730
-11.74979512	-0.99998278	1.05032891
-11.44979512	-0.99998278	1.03316140
-11.14979512	-0.99998278	1.02704784
-10.84979512	-0.99998278	1.01551296
-10.54979512	-0.99998278	1.00866471
-10.24979512	-0.99998278	0.98526527
-9.94979512	-0.99998278	0.95601612
-9.64979512	-0.99998278	0.92079522
-9.34979512	-0.99998278	0.89766654
-9.04979512	-0.99998278	0.87543302
-8.74979512	-0.99998278	0.84910631
-8.44979512	-0.99998278	0.84953592
-8.14979512	-0.99998278	0.84475208
-7.84979512	-0.99998278	0.74319688
-7.54979512	-0.99998278	0.72921621
-7.24979512	-0.99998278	0.69060711
-6.94979512	-0.99998278	0.65125032
-6.64979512	-0.99998278	0.61577316
-6.34979512	-0.99998278	0.58446433
-6.04979512	-0.99998278	0.55605511
-5.74979512	-0.99998278	0.51024185
-5.44979512	-0.99998278	0.50470965
-5.14979512	-0.99998278	0.50555159
-4.84979512	-0.99998278	0.50555159
-4.54979512	-0.99998278	0.43520893
-4.24979512	-0.99998278	0.43520893
-3.94979512	-0.99998278	0.35989802
-3.64979512	-0.99998278	0.35989802
-3.34979512	-0.99998278	0.38104869
-3.04979512	-0.99998278	0.31057417
-2.74979512	-0.99998278	0.27049743
-2.44979512	-0.99998278	0.23432775
-2.14979512	-0.99998278	0.14441976
-1.84979512	-0.99998278	0.12053212
-1.54979512	-0.99998278	0.13548067
-1.24979512	-0.99998278	0.11572939
-0.94979512	-0.99998278	0.06640852
-0.64979512	-0.99998278	0.03224118
-0.34979512	-0.99998278	-0.01157397
-0.04979512	-0.99998278	-0.02623086
0.25020488	-0.99998278	-0.06598550
0.55020488	-0.99998278	-0.08473981
0.85020488	-0.99998278	-0.10006873
1.15020488	-0.99998278	-0.13773309
1.45020488	-0.99998278	-0.16747462
1.75020488	-0.99998278	-0.20875230
2.05020488	-0.99998278	-0.20875230
2.35020488	-0.99998278	-0.26090041
2.65020488	-0.99998278	-0.26090041
2.95020488	-0.99998278	-0.33756947
3.25020488	-0.99998278	-0.38795247
3.55020488	-0.99998278	-0.39708289
3.85020488	-0.99998278	-0.40011258
4.15020488	-0.99998278	-0.39571252
4.45020488	-0.99998278	-0.42645578
4.75020488	-0.99998278	-0.43447520
5.05020488	-0.99998278	-0.43626813
5.35020488	-0.99998278	-0.45024602
5.65020488	-0.99998278	-0.48280594
5.95020488	-0.99998278	-0.10654575
6.25020488	-0.99998278	-0.11052934
6.55020488	-0.99998278	-0.11678437
6.85020488	-0.99998278	-0.12174050
7.15020488	-0.99998278	-0.10755064
7.45020488	-0.99998278	-0.10138352
7.75020488	-0.99998278	-0.10064935
8.05020488	-0.99998278	-0.09677967
8.35020488	-0.99998278	-0.09603816
8.65020488	-0.99998278	-0.10253344
8.95020488	-0.99998278	-0.09879107
9.25020488	-0.99998278	-0.08955243
9.55020488	-0.99998278	-0.08274950
9.85020488	-0.99998278	-0.08628552
10.15020488	-0.99998278	-0.07910640
10.45020488	-0.99998278	-0.89830186
10.75020488	-0.99998278	-0.07978618
11.05020488	-0.99998278	-0.08266763
11.35020488	-0.99998278	-0.08266763
11.65020488	-0.99998278	-0.08919457
11.95020488	-0.99998278	-0.09951396
12.25020488	-0.99998278	-0.09951396
12.55020488	-0.99998278	-0.11916996
12.85020488	-0.99998278	-0.11204140
13.15020488	-0.99998278	-0.11204140
13.45020488	-0.99998278	-0.11204140
13.75020488	-0.99998278	-0.12762476
14.05020488	-0.99998278	-0.13287661
14.35020488	-0.99998278	-0.13287661
14.65020488	-0.99998278	-0.13287661
14.95020488	-0.99998278	-0.13287661
15.25020488	-0.99998278	-0.15429133
15.55020488	-0.99998278	-0.15429133
15.85020488	-0.99998278	-0.15429133
16.15020488	-0.99998278	-0.15429133
16.45020488	-0.99998278	-0.15429133
16.75020488	-0.99998278	-0.15429133
17.05020488	-0.99998278	-0.15429133
17.35020488	-0.99998278	-0.15429133
17.65020488	-0.99998278	-0.15429133
17.95020488	-0.99998278	-0.15429133
18.25020488	-0.99998278	-0.15429133
18.55020488	-0.99998278	-0.15429133
18.85020488	-0.99998278	-0.15429133
19.15020488	-0.99998278	-0.15429133
-19.84979512	-0.69998278	1.41849405
-19.54979512	-0.69998278	1.41582365
-19.24979512	-0.69998278	1.40216196
-18.94979512	-0.69998278	1.42095572
-18.64979512	-0.69998278	1.41946367
-18.34979512	-0.69998278	1.40980247
-18.04979512	-0.69998278	1.40980247
-17.74979512	-0.69998278	1.40980247
-17.44979512	-0.69998278	1.40980247
-17.14979512	-0.69998278	1.40980247
-16.84979512	-0.69998278	1.40980247
-16.54979512	-0.69998278	1.40980247
-16.24979512	-0.69998278	1.40980247
-15.94979512	-0.69998278	1.40980247
-15.64979512	-0.69998278	1.40980247
-15.34979512	-0.69998278	1.40980247
-15.04979512	-0.69998278	1.40980247
-14.74979512	-0.69998278	1.40980247
-14.44979512	-0.69998278	1.40980247
-14.14979512	-0.69998278	1.40980247
-13.84979512	-0.69998278	1.40980247
-13.54979512	-0.69998278	1.43326606
-13.24979512	-0.69998278	1.43326606
-12.94979512	-0.69998278	1.42782786
-12.64979512	-0.69998278	1.22841738
-12.34979512	-0.69998278	1.22841738
-12.04979512	-0.69998278	1.22841738
-11.74979512	-0.69998278	1.22841738
-11.44979512	-0.69998278	1.22841738
-11.14979512	-0.69998278	1.22841738
-10.84979512	-0.69998278	1.22841738
-10.54979512	-0.69998278	1.22841738
-10.24979512	-0.69998278	1.22841738
-9.94979512	-0.69998278	1.22841738
-9.64979512	-0.69998278	1.22841738
-9.34979512	-0.69998278	1.22841738
-9.04979512	-0.69998278	1.22841738
-8.74979512	-0.69998278	1.22841738
-8.44979512	-0.69998278	0.85433048
-8.14979512	-0.69998278	0.86752934
-7.84979512	-0.69998278	1.03076892
-7.54979512	-0.69998278	1.02573558
-7.24979512	-0.69998278	0.68801568
-6.94979512	-0.69998278	0.65330990
-6.64979512	-0.69998278	0.61684194
-6.34979512	-0.69998278	0.57853562
-6.04979512	-0.69998278	0.55123982
-5.74979512	-0.69998278	0.49450163
-5.44979512	-0.69998278	0.56017704
-5.14979512	-0.69998278	0.49370343
-4.84979512	-0.69998278	0.49370343
-4.54979512	-0.69998278	0.43638336
-4.24979512	-0.69998278	0.43638336
-3.94979512	-0.69998278	0.34820634
-3.64979512	-0.69998278	0.34820634
-3.34979512	-0.69998278	0.32043061
-3.04979512	-0.69998278	0.25555371
-2.74979512	-0.69998278	0.22862770
-2.44979512	-0.69998278	0.19116191
-2.14979512	-0.69998278	0.19095301
-1.84979512	-0.69998278	0.15144750
-1.54979512	-0.69998278	0.10762404
-1.24979512	-0.69998278	0.07354237
-0.94979512	-0.69998278	0.09245540
-0.64979512	-0.69998278	-0.00572272
-0.34979512	-0.69998278	-0.00572272
-0.04979512	-0.69998278	-0.04341374
0.25020488	-0.69998278	-0.07646768
0.55020488	-0.69998278	-0.10194493
0.85020488	-0.69998278	-0.11825403
1.15020488	-0.69998278	-0.15962103
1.45020488	-0.69998278	-0.18570519
1.75020488	-0.69998278	-0.19822843
2.05020488	-0.69998278	-0.23120551
2.35020488	-0.69998278	-0.28383169
2.65020488	-0.69998278	-0.28383169
2.95020488	-0.69998278	-0.39813996
3.25020488	-0.69998278	-0.39813996
3.55020488	-0.69998278	-0.39813996
3.85020488	-0.69998278	-0.39813996
4.15020488	-0.69998278	-0.43458847
4.45020488	-0.69998278	-0.42170162
4.75020488	-0.69998278	-0.42560466
5.05020488	-0.69998278	-0.43841048
5.35020488	-0.69998278	-0.10472309
5.65020488	-0.69998278	-0.10774577
5.95020488	-0.69998278	-0.09796968
6.25020488	-0.69998278	-0.10212062
6.55020488	-0.69998278	-0.10111088
6.85020488	-0.69998278	-0.10776456
7.15020488	-0.69998278	-0.10589326
7.45020488	-0.69998278	-0.10578640
7.75020488	-0.69998278	-0.10098008
8.05020488	-0.69998278	-0.73567950
8.35020488	-0.69998278	-0.09659826
8.65020488	-0.69998278	-0.09076455
8.95020488	-0.69998278	-0.07935032
9.25020488	-0.69998278	-0.07917209
9.55020488	-0.69998278	-0.08998194
9.85020488	-0.69998278	-0.07488240
10.15020488	-0.69998278	-0.09036086
10.45020488	-0.69998278	-0.92457586
10.75020488	-0.69998278	-0.08562107
11.05020488	-0.69998278	-0.07094301
11.35020488	-0.69998278	-0.08880411
11.65020488	-0.69998278	-0.08354594
11.95020488	-0.69998278	-0.08354594
12.25020488	-0.69998278	-0.09432566
12.55020488	-0.69998278	-0.10787593
12.85020488	-0.69998278	-0.10358065
13.15020488	-0.69998278	-0.10358065
13.45020488	-0.69998278	-0.11061076
13.75020488	-0.69998278	-0.12245163
14.05020488	-0.69998278	-0.11970381
14.35020488	-0.69998278	-0.11970381
14.65020488	-0.69998278	-0.11970381
14.95020488	-0.69998278	-0.13150361
15.25020488	-0.69998278	-0.13150361
15.55020488	-0.69998278	-0.13150361
15.85020488	-0.69998278	-0.13150361
16.15020488	-0.69998278	-0.13150361
16.45020488	-0.69998278	-0.13150361
16.75020488	-0.69998278	-0.13150361
17.05020488	-0.69998278	-0.13150361
17.35020488	-0.69998278	-0.13150361
17.65020488	-0.69998278	-0.13150361
17.95020488	-0.69998278	-0.13150361
18.25020488	-0.69998278	-0.13150361
18.55020488	-0.69998278	-0.13150361
18.85020488	-0.69998278	-0.13150361
19.15020488	-0.69998278	-0.13150361
-19.84979512	-0.39998278	1.40939151
-19.54979512	-0.39998278	1.39173915
-19.24979512	-0.39998278	1.40926412
-18.94979512	-0.39998278	1.40027377
-18.64979512	-0.39998278	1.41083498
-18.34979512	-0.39998278	1.39677406
-18.04979512	-0.39998278	1.39677406
-17.74979512	-0.39998278	1.39677406
-17.44979512	-0.39998278	1.39677406
-17.14979512	-0.39998278	1.39677406
-16.84979512	-0.39998278	1.39677406
-16.54979512	-0.39998278	1.39677406
-16.24979512	-0.39998278	1.39677406
-15.94979512	-0.39998278	1.39677406
-15.64979512	-0.39998278	1.39677406
-15.34979512	-0.39998278	1.39677406
-15.04979512	-0.39998278	1.39677406
-14.74979512	-0.39998278	1.39677406
-14.44979512	-0.39998278	1.39677406
-14.14979512	-0.39998278	1.39677406
-13.84979512	-0.39998278	1.40002013
-13.54979512	-0.39998278	1.42451575
-13.24979512	-0.39998278	1.42451575
-12.94979512	-0.39998278	1.42688100
-12.64979512	-0.39998278	1.04870805
-12.34979512	-0.39998278	1.04870805
-12.04979512	-0.39998278	1.04870805
-11.74979512	-0.39998278	1.04870805
-11.44979512	-0.39998278	1.04870805
-11.14979512	-0.39998278	1.04870805
-10.84979512	-0.39998278	1.04870805
-10.54979512	-0.39998278	1.05343492
-10.24979512	-0.39998278	1.07628822
-9.94979512	-0.39998278	1.42937856
-9.64979512	-0.39998278	1.42937856
-9.34979512	-0.39998278	1.42937856
-9.04979512	-0.39998278	1.43857381
-8.74979512	-0.39998278	1.02119632
-8.44979512	-0.39998278	0.82053477
-8.14979512	-0.39998278	0.80178210
-7.84979512	-0.39998278	0.73582017
-7.54979512	-0.39998278	0.71337512
-7.24979512	-0.39998278	0.70126977
-6.94979512	-0.39998278	0.65075798
-6.64979512	-0.39998278	0.61591080
-6.34979512	-0.39998278	0.61591080
-6.04979512	-0.39998278	0.62689973
-5.74979512	-0.39998278	0.54115450
-5.44979512	-0.39998278	0.54115450
-5.14979512	-0.39998278	0.47368365
-4.84979512	-0.39998278	0.48108753
-4.54979512	-0.39998278	0.40966298
-4.24979512	-0.39998278	0.40966298
-3.94979512	-0.39998278	0.34937255
-3.64979512	-0.39998278	0.34937255
-3.34979512	-0.39998278	0.28352449
-3.04979512	-0.39998278	0.30457844
-2.74979512	-0.39998278	0.27070603
-2.44979512	-0.39998278	0.18386746
-2.14979512	-0.39998278	0.15493779
-1.84979512	-0.39998278	0.15763543
-1.54979512	-0.39998278	0.09141844
-1.24979512	-0.39998278	0.06078697
-0.94979512	-0.39998278	0.01878452
-0.64979512	-0.39998278	-0.00101526
-0.34979512	-0.39998278	-0.04212591
-0.04979512	-0.39998278	-0.05537422
0.25020488	-0.39998278	-0.05689776
0.55020488	-0.39998278	-0.11603092
0.85020488	-0.39998278	-0.14212775
1.15020488	-0.39998278	-0.18090169
1.45020488	-0.39998278	-0.17916914
1.75020488	-0.39998278	-0.21976444
2.05020488	-0.39998278	-0.24967568
2.35020488	-0.39998278	-0.31047641
2.65020488	-0.39998278	-0.31047641
2.95020488	-0.39998278	-0.32236827
3.25020488	-0.39998278	-0.42775449
3.55020488	-0.39998278	-0.42775449
3.85020488	-0.39998278	-0.42775449
4.15020488	-0.39998278	-0.08524260
4.45020488	-0.39998278	-0.08524260
4.75020488	-0.39998278	-0.08524260
5.05020488	-0.39998278	-0.08524260
5.35020488	-0.39998278	-0.08524260
5.65020488	-0.39998278	-0.08524260
5.95020488	-0.39998278	-0.08970391
6.25020488	-0.39998278	-0.10032532
6.55020488	-0.39998278	-0.10068088
6.85020488	-0.39998278	-0.09654096
7.15020488	-0.39998278	-0.08915239
7.45020488	-0.39998278	-0.09660843
7.75020488	-0.39998278	-0.09199876
8.05020488	-0.39998278	-0.76201934
8.35020488	-0.39998278	-0.08402773
8.65020488	-0.39998278	-0.09790823
8.95020488	-0.39998278	-0.09061634
9.25020488	-0.39998278	-0.07795202
9.55020488	-0.39998278	-0.09085550
9.85020488	-0.39998278	-0.07570132
10.15020488	-0.39998278	-0.75207661
10.45020488	-0.39998278	-0.07811862
10.75020488	-0.39998278	-0.05752642
11.05020488	-0.39998278	-0.06314605
11.35020488	-0.39998278	-0.07999305
11.65020488	-0.39998278	-0.07240924
11.95020488	-0.39998278	-0.07498415
12.25020488	-0.39998278	-0.09301429
12.55020488	-0.39998278	-0.08954774
12.85020488	-0.39998278	-0.08954774
13.15020488	-0.39998278	-0.09717806
13.45020488	-0.39998278	-0.10863956
13.75020488	-0.39998278	-0.10339854
14.05020488	-0.39998278	-0.10339854
14.35020488	-0.39998278	-0.10339854
14.65020488	-0.39998278	-1.36217408
14.95020488	-0.39998278	-0.12747911
15.25020488	-0.39998278	-0.12882593
15.55020488	-0.39998278	-0.12882593
15.85020488	-0.39998278	-0.12882593
16.15020488	-0.39998278	-0.12882593
16.45020488	-0.39998278	-0.12882593
16.75020488	-0.39998278	-0.12882593
17.05020488	-0.39998278	-0.12882593
17.35020488	-0.39998278	-0.12882593
17.65020488	-0.39998278	-0.12882593
17.95020488	-0.39998278	-0.12882593
18.25020488	-0.39998278	-0.12882593
18.55020488	-0.39998278	-0.12882593
18.85020488	-0.39998278	-0.12882593
19.15020488	-0.39998278	-0.12882593
-19.84979512	-0.09998278	1.41090181
-19.54979512	-0.09998278	1.41148263
-19.24979512	-0.09998278	1.40145513
-18.94979512	-0.09998278	1.40326382
-18.64979512	-0.09998278	1.35899168
-18.34979512	-0.09998278	1.38837977
-18.04979512	-0.09998278	1.38837977
-17.74979512	-0.09998278	1.38837977
-17.44979512	-0.09998278	1.38837977
-17.14979512	-0.09998278	1.38837977
-16.84979512	-0.09998278	1.38837977
-16.54979512	-0.09998278	1.38837977
-16.24979512	-0.09998278	1.38837977
-15.94979512	-0.09998278	1.38837977
-15.64979512	-0.09998278	1.38837977
-15.34979512	-0.09998278	1.38837977
-15.04979512	-0.09998278	1.38837977
-14.74979512	-0.09998278	1.38837977
-14.44979512	-0.09998278	1.38837977
-14.14979512	-0.09998278	1.38837977
-13.84979512	-0.09998278	1.38885433
-13.54979512	-0.09998278	1.41304323
-13.24979512	-0.09998278	1.41304323
-12.94979512	-0.09998278	1.03245039
-12.64979512	-0.09998278	1.03245039
-12.34979512	-0.09998278	1.03245039
-12.04979512	-0.09998278	1.03245039
-11.74979512	-0.09998278	1.03245039
-11.44979512	-0.09998278	1.03245039
-11.14979512	-0.09998278	1.03245039
-10.84979512	-0.09998278	1.03245039
-10.54979512	-0.09998278	1.06477858
-10.24979512	-0.09998278	1.06477858
-9.94979512	-0.09998278	0.81520652
-9.64979512	-0.09998278	0.81520652
-9.34979512	-0.09998278	0.81520652
-9.04979512	-0.09998278	0.81520652
-8.74979512	-0.09998278	0.81520652
-8.44979512	-0.09998278	0.84263454
-8.14979512	-0.09998278	0.67664816
-7.84979512	-0.09998278	0.67664816
-7.54979512	-0.09998278	0.67664816
-7.24979512	-0.09998278	0.69899677
-6.94979512	-0.09998278	0.59734854
-6.64979512	-0.09998278	0.59734854
-6.34979512	-0.09998278	0.59734854
-6.04979512	-0.09998278	0.54662022
-5.74979512	-0.09998278	0.51395566
-5.44979512	-0.09998278	0.52376564
-5.14979512	-0.09998278	0.45933813
-4.84979512	-0.09998278	0.46515417
-4.54979512	-0.09998278	0.39018236
-4.24979512	-0.09998278	0.39326823
-3.94979512	-0.09998278	0.31762663
-3.64979512	-0.09998278	0.31762663
-3.34979512	-0.09998278	0.28016973
-3.04979512	-0.09998278	0.23712655
-2.74979512	-0.09998278	0.21212640
-2.44979512	-0.09998278	0.16710980
-2.14979512	-0.09998278	0.14738687
-1.84979512	-0.09998278	0.10536860
-1.54979512	-0.09998278	0.07640301
-1.24979512	-0.09998278	0.09918875
-0.94979512	-0.09998278	0.02658063
-0.64979512	-0.09998278	-0.02488080
-0.34979512	-0.09998278	-0.04644302
-0.04979512	-0.09998278	-0.07938553
0.25020488	-0.09998278	-0.06401821
0.55020488	-0.09998278	-0.04431403
0.85020488	-0.09998278	-0.09591905
1.15020488	-0.09998278	-0.17095420
1.45020488	-0.09998278	-0.17095420
1.75020488	-0.09998278	-0.17095420
2.05020488	-0.09998278	-0.20626713
2.35020488	-0.09998278	-0.25717592
2.65020488	-0.09998278	-0.25717592
2.95020488	-0.09998278	-0.27245188
3.25020488	-0.09998278	-0.34768405
3.55020488	-0.09998278	-0.34768405
3.85020488	-0.09998278	-0.45460174
4.15020488	-0.09998278	-0.46834236
4.45020488	-0.09998278	-0.45806238
4.75020488	-0.09998278	-0.45806238
5.05020488	-0.09998278	-0.45806238
5.35020488	-0.09998278	-0.45806238
5.65020488	-0.09998278	-0.45806238
5.95020488	-0.09998278	-0.09044696
6.25020488	-0.09998278	-0.08086138
6.55020488	-0.09998278	-0.08303758
6.85020488	-0.09998278	-0.09443064
7.15020488	-0.09998278	-0.09551728
7.45020488	-0.09998278	-0.09055385
7.75020488	-0.09998278	-0.09216446
8.05020488	-0.09998278	-0.08635717
8.35020488	-0.09998278	-0.08367589
8.65020488	-0.09998278	-0.07696323
8.95020488	-0.09998278	-0.08860449
9.25020488	-0.09998278	-0.07415119
9.55020488	-0.09998278	-0.07061377
9.85020488	-0.09998278	-0.08123002
10.15020488	-0.09998278	-0.75661137
10.45020488	-0.09998278	-0.07438006
10.75020488	-0.09998278	-0.05482069
11.05020488	-0.09998278	-0.06643456
11.35020488	-0.09998278	-0.06110677
11.65020488	-0.09998278	-0.06110677
11.95020488	-0.09998278	-0.08317181
12.25020488	-0.09998278	-0.08443223
12.55020488	-0.09998278	-0.07321338
12.85020488	-0.09998278	-0.07778338
13.15020488	-0.09998278	-0.09970033
13.45020488	-0.09998278	-0.10981032
13.75020488	-0.09998278	-0.09417205
14.05020488	-0.09998278	-0.09417205
14.35020488	-0.09998278	-0.10361240
14.65020488	-0.09998278	-0.11579193
14.95020488	-0.09998278	-0.11315107
15.25020488	-0.09998278	-0.11315107
15.55020488	-0.09998278	-0.11315107
15.85020488	-0.09998278	-0.11315107
16.15020488	-0.09998278	-0.13194548
16.45020488	-0.09998278	-0.13194548
16.75020488	-0.09998278	-0.13194548
17.05020488	-0.09998278	-0.13194548
17.35020488	-0.09998278	-0.13194548
17.65020488	-0.09998278	-0.13194548
17.95020488	-0.09998278	-0.13194548
18.25020488	-0.09998278	-0.13194548
18.55020488	-0.09998278	-0.13194548
18.85020488	-0.09998278	-0.13194548
19.15020488	-0.09998278	-0.13194548
-19.84979512	0.20001722	1.41016298
-19.54979512	0.20001722	1.38606513
-19.24979512	0.20001722	1.38182300
-18.94979512	0.20001722	1.34704525
-18.64979512	0.20001722	1.39801941
-18.34979512	0.20001722	1.37212679
-18.04979512	0.20001722	1.37212679
-17.74979512	0.20001722	1.37212679
-17.44979512	0.20001722	1.37212679
-17.14979512	0.20001722	1.37212679
-16.84979512	0.20001722	1.37212679
-16.54979512	0.20001722	1.37212679
-16.24979512	0.20001722	1.37212679
-15.94979512	0.20001722	1.37212679
-15.64979512	0.20001722	1.37212679
-15.34979512	0.20001722	1.37212679
-15.04979512	0.20001722	1.37212679
-14.74979512	0.20001722	1.37212679
-14.44979512	0.20001722	1.37212679
-14.14979512	0.20001722	1.37212679
-13.84979512	0.20001722	1.40436336
-13.54979512	0.20001722	1.40436336
-13.24979512	0.20001722	1.40436336
-12.94979512	0.20001722	1.01214951
-12.64979512	0.20001722	1.01214951
-12.34979512	0.20001722	1.01214951
-12.04979512	0.20001722	1.01214951
-11.74979512	0.20001722	1.01214951
-11.44979512	0.20001722	1.01214951
-11.14979512	0.20001722	1.01214951
-10.84979512	0.20001722	1.01629873
-10.54979512	0.20001722	1.05187500
-10.24979512	0.20001722	0.79741845
-9.94979512	0.20001722	0.79741845
-9.64979512	0.20001722	0.79741845
-9.34979512	0.20001722	0.79741845
-9.04979512	0.20001722	0.79741845
-8.74979512	0.20001722	0.79741845
-8.44979512	0.20001722	0.83082606
-8.14979512	0.20001722	0.65770455
-7.84979512	0.20001722	0.65770455
-7.54979512	0.20001722	0.65770455
-7.24979512	0.20001722	0.63567166
-6.94979512	0.20001722	0.56922838
-6.64979512	0.20001722	0.56922838
-6.34979512	0.20001722	0.59274456
-6.04979512	0.20001722	0.49271459
-5.74979512	0.20001722	0.49271459
-5.44979512	0.20001722	0.50794464
-5.14979512	0.20001722	0.43423660
-4.84979512	0.20001722	0.44409845
-4.54979512	0.20001722	0.36747394
-4.24979512	0.20001722	0.37339378
-3.94979512	0.20001722	0.29337537
-3.64979512	0.20001722	0.30058510
-3.34979512	0.20001722	0.25520339
-3.04979512	0.20001722	0.22047145
-2.74979512	0.20001722	0.18849583
-2.44979512	0.20001722	0.16823621
-2.14979512	0.20001722	0.13390345
-1.84979512	0.20001722	0.11310868
-1.54979512	0.20001722	0.05106382
-1.24979512	0.20001722	0.05123337
-0.94979512	0.20001722	0.01879473
-0.64979512	0.20001722	-0.04545263
-0.34979512	0.20001722	-0.04342065
-0.04979512	0.20001722	-0.06512749
0.25020488	0.20001722	-0.12908890
0.55020488	0.20001722	-0.10680531
0.85020488	0.20001722	-0.12874038
1.15020488	0.20001722	-0.13923453
1.45020488	0.20001722	-0.17343473
1.75020488	0.20001722	-0.19990378
2.05020488	0.20001722	-0.27970019
2.35020488	0.20001722	-0.26567359
2.65020488	0.20001722	-0.36536142
2.95020488	0.20001722	-0.38013471
3.25020488	0.20001722	-0.37509289
3.55020488	0.20001722	-0.37509289
3.85020488	0.20001722	-0.37509289
4.15020488	0.20001722	-0.07935002
4.45020488	0.20001722	-0.07935002
4.75020488	0.20001722	-0.07935002
5.05020488	0.20001722	-0.07935002
5.35020488	0.20001722	-0.07935002
5.65020488	0.20001722	-0.07935002
5.95020488	0.20001722	-0.08238420
6.25020488	0.20001722	-0.07907530
6.55020488	0.20001722	-0.08406828
6.85020488	0.20001722	-0.08742738
7.15020488	0.20001722	-0.08723420
7.45020488	0.20001722	-0.08673280
7.75020488	0.20001722	-0.08681859
8.05020488	0.20001722	-0.08396864
8.35020488	0.20001722	-0.08001876
8.65020488	0.20001722	-0.06883723
8.95020488	0.20001722	-0.07876045
9.25020488	0.20001722	-0.07644971
9.55020488	0.20001722	-0.06410365
9.85020488	0.20001722	-0.07587110
10.15020488	0.20001722	-0.06150664
10.45020488	0.20001722	-0.06868562
10.75020488	0.20001722	-0.04768915
11.05020488	0.20001722	-0.05859344
11.35020488	0.20001722	-0.05259091
11.65020488	0.20001722	-0.06250292
11.95020488	0.20001722	-0.07125747
12.25020488	0.20001722	-0.06649407
12.55020488	0.20001722	-0.06649407
12.85020488	0.20001722	-0.09397274
13.15020488	0.20001722	-0.09397274
13.45020488	0.20001722	-0.08443365
13.75020488	0.20001722	-0.08443365
14.05020488	0.20001722	-0.08709010
14.35020488	0.20001722	-0.11030251
14.65020488	0.20001722	-0.11030251
14.95020488	0.20001722	-0.10771682
15.25020488	0.20001722	-0.10771682
15.55020488	0.20001722	-0.10771682
15.85020488	0.20001722	-0.11532221
16.15020488	0.20001722	-0.11532221
16.45020488	0.20001722	-0.11532221
16.75020488	0.20001722	-0.11532221
17.05020488	0.20001722	-0.11532221
17.35020488	0.20001722	-0.11532221
17.65020488	0.20001722	-0.11532221
17.95020488	0.20001722	-0.11532221
18.25020488	0.20001722	-0.11532221
18.55020488	0.20001722	-0.11532221
18.85020488	0.20001722	-0.11532221
19.15020488	0.20001722	-0.11532221
-19.84979512	0.50001722	1.40792818
-19.54979512	0.50001722	1.41053527
-19.24979512	0.50001722	1.40415268
-18.94979512	0.50001722	1.40415607
-18.64979512	0.50001722	1.35397145
-18.34979512	0.50001722	1.35397145
-18.04979512	0.50001722	1.35397145
-17.74979512	0.50001722	1.35397145
-17.44979512	0.50001722	1.35397145
-17.14979512	0.50001722	1.35397145
-16.84979512	0.50001722	1.35397145
-16.54979512	0.50001722	1.35397145
-16.24979512	0.50001722	1.35397145
-15.94979512	0.50001722	1.35397145
-15.64979512	0.50001722	1.35397145
-15.34979512	0.50001722	1.35397145
-15.04979512	0.50001722	1.35397145
-14.74979512	0.50001722	1.35397145
-14.44979512	0.50001722	1.35397145
-14.14979512	0.50001722	1.36311226
-13.84979512	0.50001722	1.40310636
-13.54979512	0.50001722	1.40310636
-13.24979512	0.50001722	1.39473597
-12.94979512	0.50001722	0.99748898
-12.64979512	0.50001722	0.99748898
-12.34979512	0.50001722	0.99748898
-12.04979512	0.50001722	0.99748898
-11.74979512	0.50001722	0.99748898
-11.44979512	0.50001722	0.99748898
-11.14979512	0.50001722	0.99748898
-10.84979512	0.50001722	1.04225855
-10.54979512	0.50001722	1.04225855
-10.24979512	0.50001722	0.77110296
-9.94979512	0.50001722	0.77110296
-9.64979512	0.50001722	0.77110296
-9.34979512	0.50001722	0.77110296
-9.04979512	0.50001722	0.77110296
-8.74979512	0.50001722	0.78293425
-8.44979512	0.50001722	0.81793681
-8.14979512	0.50001722	0.63746439
-7.84979512	0.50001722	0.63746439
-7.54979512	0.50001722	0.63746439
-7.24979512	0.50001722	0.58119909
-6.94979512	0.50001722	0.54480745
-6.64979512	0.50001722	0.54480745
-6.34979512	0.50001722	0.52030969
-6.04979512	0.50001722	0.47064959
-5.74979512	0.50001722	0.47064959
-5.44979512	0.50001722	0.49081075
-5.14979512	0.50001722	0.40790371
-4.84979512	0.50001722	0.34046037
-4.54979512	0.50001722	0.34046037
-4.24979512	0.50001722	0.35050206
-3.94979512	0.50001722	0.27008682
-3.64979512	0.50001722	0.27350889
-3.34979512	0.50001722	0.22368783
-3.04979512	0.50001722	0.18613368
-2.74979512	0.50001722	0.17555311
-2.44979512	0.50001722	0.13443283
-2.14979512	0.50001722	0.09162745
-1.84979512	0.50001722	0.07763768
-1.54979512	0.50001722	0.02673784
-1.24979512	0.50001722	0.02124031
-0.94979512	0.50001722	-0.05558730
-0.64979512	0.50001722	-0.05558730
-0.34979512	0.50001722	-0.05558730
-0.04979512	0.50001722	-0.08843024
0.25020488	0.50001722	-0.11034012
0.55020488	0.50001722	-0.13709605
0.85020488	0.50001722	-0.15620346
1.15020488	0.50001722	-0.19096494
1.45020488	0.50001722	-0.18812573
1.75020488	0.50001722	-0.23070447
2.05020488	0.50001722	-0.25501722
2.35020488	0.50001722	-0.32070747
2.65020488	0.50001722	-0.32070747
2.95020488	0.50001722	-0.32070747
3.25020488	0.50001722	-0.40526210
3.55020488	0.50001722	-0.40526210
3.85020488	0.50001722	-0.40526210
4.15020488	0.50001722	-0.41576452
4.45020488	0.50001722	-0.06773107
4.75020488	0.50001722	-0.06773107
5.05020488	0.50001722	-0.06773107
5.35020488	0.50001722	-0.06773107
5.65020488	0.50001722	-0.06773107
5.95020488	0.50001722	-0.08044905
6.25020488	0.50001722	-0.07601871
6.55020488	0.50001722	-0.08161002
6.85020488	0.50001722	-0.08345118
7.15020488	0.50001722	-0.08397511
7.45020488	0.50001722	-0.07989104
7.75020488	0.50001722	-0.08199221
8.05020488	0.50001722	-0.07716380
8.35020488	0.50001722	-0.07620963
8.65020488	0.50001722	-0.06906328
8.95020488	0.50001722	-0.07504725
9.25020488	0.50001722	-0.07357548
9.55020488	0.50001722	-0.06250918
9.85020488	0.50001722	-0.07488466
10.15020488	0.50001722	-0.05619146
10.45020488	0.50001722	-0.84841095
10.75020488	0.50001722	-0.04910042
11.05020488	0.50001722	-0.89619996
11.35020488	0.50001722	-0.04801531
11.65020488	0.50001722	-0.06869731
11.95020488	0.50001722	-0.06869731
12.25020488	0.50001722	-0.05308590
12.55020488	0.50001722	-0.09106605
12.85020488	0.50001722	-0.09106605
13.15020488	0.50001722	-0.09106605
13.45020488	0.50001722	-0.07784563
13.75020488	0.50001722	-0.07784563
14.05020488	0.50001722	-0.09159988
14.35020488	0.50001722	-0.09159988
14.65020488	0.50001722	-0.09797036
14.95020488	0.50001722	-0.09405355
15.25020488	0.50001722	-0.09405355
15.55020488	0.50001722	-0.09405355
15.85020488	0.50001722	-0.09405355
16.15020488	0.50001722	-0.09405355
16.45020488	0.50001722	-0.09405355
16.75020488	0.50001722	-0.09405355
17.05020488	0.50001722	-0.09405355
17.35020488	0.50001722	-0.09405355
17.65020488	0.50001722	-0.09405355
17.95020488	0.50001722	-0.09405355
18.25020488	0.50001722	-0.09405355
18.55020488	0.50001722	-0.09405355
18.85020488	0.50001722	-0.09405355
19.15020488	0.50001722	-0.09405355
-19.84979512	0.80001722	1.40509802
-19.54979512	0.80001722	1.39145652
-19.24979512	0.80001722	1.40237649
-18.94979512	0.80001722	1.34253663
-18.64979512	0.80001722	1.34253663
-18.34979512	0.80001722	1.34253663
-18.04979512	0.80001722	1.34253663
-17.74979512	0.80001722	1.34253663
-17.44979512	0.80001722	1.34253663
-17.14979512	0.80001722	1.34253663
-16.84979512	0.80001722	1.34253663
-16.54979512	0.80001722	1.34253663
-16.24979512	0.80001722	1.34253663
-15.94979512	0.80001722	1.34253663
-15.64979512	0.80001722	1.34253663
-15.34979512	0.80001722	1.34253663
-15.04979512	0.80001722	1.34253663
-14.74979512	0.80001722	1.34253663
-14.44979512	0.80001722	1.34253663
-14.14979512	0.80001722	1.39330570
-13.84979512	0.80001722	1.39330570
-13.54979512	0.80001722	1.39330570
-13.24979512	0.80001722	0.97833303
-12.94979512	0.80001722	0.97833303
-12.64979512	0.80001722	0.97833303
-12.34979512	0.80001722	0.97833303
-12.04979512	0.80001722	0.97833303
-11.74979512	0.80001722	0.97833303
-11.44979512	0.80001722	0.97833303
-11.14979512	0.80001722	0.97833303
-10.84979512	0.80001722	1.02878972
-10.54979512	0.80001722	1.02878972
-10.24979512	0.80001722	0.75673518
-9.94979512	0.80001722	0.75673518
-9.64979512	0.80001722	0.75673518
-9.34979512	0.80001722	0.75673518
-9.04979512	0.80001722	0.75673518
-8.74979512	0.80001722	0.79889602
-8.44979512	0.80001722	0.60703848
-8.14979512	0.80001722	0.60703848
-7.84979512	0.80001722	0.60703848
-7.54979512	0.80001722	0.61740054
-7.24979512	0.80001722	0.58274038
-6.94979512	0.80001722	0.52582095
-6.64979512	0.80001722	0.52582095
-6.34979512	0.80001722	0.55769401
-6.04979512	0.80001722	0.43254917
-5.74979512	0.80001722	0.46580515
-5.44979512	0.80001722	0.39339474
-5.14979512	0.80001722	0.39339474
-4.84979512	0.80001722	0.31096036
-4.54979512	0.80001722	0.31096036
-4.24979512	0.80001722	0.32527281
-3.94979512	0.80001722	0.23891805
-3.64979512	0.80001722	0.24601640
-3.34979512	0.80001722	0.19297120
-3.04979512	0.80001722	0.19068634
-2.74979512	0.80001722	0.14332979
-2.44979512	0.80001722	0.10717152
-2.14979512	0.80001722	0.07386226
-1.84979512	0.80001722	0.04634989
-1.54979512	0.80001722	0.01487293
-1.24979512	0.80001722	0.04712101
-0.94979512	0.80001722	-0.03153813
-0.64979512	0.80001722	-0.06756455
-0.34979512	0.80001722	-0.08307197
-0.04979512	0.80001722	-0.11056170
0.25020488	0.80001722	-0.13195094
0.55020488	0.80001722	-0.16138406
0.85020488	0.80001722	-0.18559694
1.15020488	0.80001722	-0.21826430
1.45020488	0.80001722	-0.26474016
1.75020488	0.80001722	-0.25274620
2.05020488	0.80001722	-0.28268509
2.35020488	0.80001722	-0.34274489
2.65020488	0.80001722	-0.34274489
2.95020488	0.80001722	-0.34274489
3.25020488	0.80001722	-0.45038712
3.55020488	0.80001722	-0.45038712
3.85020488	0.80001722	-0.45038712
4.15020488	0.80001722	-0.45038712
4.45020488	0.80001722	-0.06560422
4.75020488	0.80001722	-0.06560422
5.05020488	0.80001722	-0.06560422
5.35020488	0.80001722	-0.06560422
5.65020488	0.80001722	-0.06560422
5.95020488	0.80001722	-0.58126236
6.25020488	0.80001722	-0.06895039
6.55020488	0.80001722	-0.07311827
6.85020488	0.80001722	-0.07802227
7.15020488	0.80001722	-0.08083235
7.45020488	0.80001722	-0.07864366
7.75020488	0.80001722	-0.07873312
8.05020488	0.80001722	-0.07541308
8.35020488	0.80001722	-0.07259077
8.65020488	0.80001722	-0.06452480
8.95020488	0.80001722	-0.05925910
9.25020488	0.80001722	-0.07026654
9.55020488	0.80001722	-0.06092076
9.85020488	0.80001722	-0.07358153
10.15020488	0.80001722	-0.06025019
10.45020488	0.80001722	-0.06354921
10.75020488	0.80001722	-0.04731102
11.05020488	0.80001722	-0.05523343
11.35020488	0.80001722	-0.04429344
11.65020488	0.80001722	-0.05659549
11.95020488	0.80001722	-0.05659549
12.25020488	0.80001722	-0.04453388
12.55020488	0.80001722	-0.07215913
12.85020488	0.80001722	-0.07215913
13.15020488	0.80001722	-0.07883474
13.45020488	0.80001722	-0.06271802
13.75020488	0.80001722	-0.06233209
14.05020488	0.80001722	-0.08058759
14.35020488	0.80001722	-0.08058759
14.65020488	0.80001722	-0.06978274
14.95020488	0.80001722	-0.06978274
15.25020488	0.80001722	-0.08302941
15.55020488	0.80001722	-1.66931546
15.85020488	0.80001722	-1.66931546
16.15020488	0.80001722	-1.66931546
16.45020488	0.80001722	-1.66931546
16.75020488	0.80001722	-1.66931546
17.05020488	0.80001722	-1.66931546
17.35020488	0.80001722	-1.66931546
17.65020488	0.80001722	-1.66931546
17.95020488	0.80001722	-1.66931546
18.25020488	0.80001722	-1.66931546
18.55020488	0.80001722	-1.66931546
18.85020488	0.80001722	-1.66931546
19.15020488	0.80001722	-1.66931546
-19.84979512	1.10001722	1.39126314
-19.54979512	1.10001722	1.39126314
-19.24979512	1.10001722	1.39126314
-18.94979512	1.10001722	1.39126314
-18.64979512	1.10001722	1.39126314
-18.34979512	1.10001722	1.39126314
-18.04979512	1.10001722	1.39126314
-17.74979512	1.10001722	1.39126314
-17.44979512	1.10001722	1.39126314
-17.14979512	1.10001722	1.39126314
-16.84979512	1.10001722	1.39126314
-16.54979512	1.10001722	1.39126314
-16.24979512	1.10001722	1.39126314
-15.94979512	1.10001722	1.39126314
-15.64979512	1.10001722	1.39126314
-15.34979512	1.10001722	1.39126314
-15.04979512	1.10001722	1.39126314
-14.74979512	1.10001722	1.39126314
-14.44979512	1.10001722	1.39126314
-14.14979512	1.10001722	1.39126314
-13.84979512	1.10001722	1.39126314
-13.54979512	1.10001722	1.39126314
-13.24979512	1.10001722	0.96963185
-12.94979512	1.10001722	0.96963185
-12.64979512	1.10001722	0.96963185
-12.34979512	1.10001722	0.96963185
-12.04979512	1.10001722	0.96963185
-11.74979512	1.10001722	0.96963185
-11.44979512	1.10001722	0.96963185
-11.14979512	1.10001722	0.96963185
-10.84979512	1.10001722	1.02407525
-10.54979512	1.10001722	1.02407525
-10.24979512	1.10001722	0.74373673
-9.94979512	1.10001722	0.74373673
-9.64979512	1.10001722	0.74373673
-9.34979512	1.10001722	0.74373673
-9.04979512	1.10001722	0.74373673
-8.74979512	1.10001722	0.79145355
-8.44979512	1.10001722	0.59865297
-8.14979512	1.10001722	0.59865297
-7.84979512	1.10001722	0.59865297
-7.54979512	1.10001722	0.57550891
-7.24979512	1.10001722	0.50603091
-6.94979512	1.10001722	0.50603091
-6.64979512	1.10001722	0.50603091
-6.34979512	1.10001722	0.54313764
-6.04979512	1.10001722	0.42192466
-5.74979512	1.10001722	0.45137852
-5.44979512	1.10001722	0.38315107
-5.14979512	1.10001722	0.38315107
-4.84979512	1.10001722	0.28990887
-4.54979512	1.10001722	0.28990887
-4.24979512	1.10001722	0.30892378
-3.94979512	1.10001722	0.21780065
-3.64979512	1.10001722	0.22714741
-3.34979512	1.10001722	0.17204066
-3.04979512	1.10001722	0.16939705
-2.74979512	1.10001722	0.11878142
-2.44979512	1.10001722	0.07880734
-2.14979512	1.10001722	0.05499102
-1.84979512	1.10001722	0.03038943
-1.54979512	1.10001722	0.01015895
-1.24979512	1.10001722	-0.03732148
-0.94979512	1.10001722	-0.06840410
-0.64979512	1.10001722	-0.07975427
-0.34979512	1.10001722	-0.11345733
-0.04979512	1.10001722	-0.13518222
0.25020488	1.10001722	-0.14898053
0.55020488	1.10001722	-0.18980993
0.85020488	1.10001722	-0.19822052
1.15020488	1.10001722	-0.23360491
1.45020488	1.10001722	-0.26606054
1.75020488	1.10001722	-0.30182565
2.05020488	1.10001722	-0.30182565
2.35020488	1.10001722	-0.35682148
2.65020488	1.10001722	-0.35682148
2.95020488	1.10001722	-0.35682148
3.25020488	1.10001722	-0.46539657
3.55020488	1.10001722	-0.46539657
3.85020488	1.10001722	-0.46539657
4.15020488	1.10001722	-0.46539657
4.45020488	1.10001722	-0.06171929
4.75020488	1.10001722	-0.06171929
5.05020488	1.10001722	-0.06171929
5.35020488	1.10001722	-0.06171929
5.65020488	1.10001722	-0.06171929
5.95020488	1.10001722	-0.59973775
6.25020488	1.10001722	-0.06635686
6.55020488	1.10001722	-0.07123092
6.85020488	1.10001722	-0.07324202
7.15020488	1.10001722	-0.06356072
7.45020488	1.10001722	-0.07666580
7.75020488	1.10001722	-0.07831559
8.05020488	1.10001722	-0.07372586
8.35020488	1.10001722	-0.07230626
8.65020488	1.10001722	-0.06170802
8.95020488	1.10001722	-0.07009062
9.25020488	1.10001722	-0.06641509
9.55020488	1.10001722	-0.05851689
9.85020488	1.10001722	-0.06833683
10.15020488	1.10001722	-0.05458492
10.45020488	1.10001722	-0.06166455
10.75020488	1.10001722	-0.04756380
11.05020488	1.10001722	-0.04710009
11.35020488	1.10001722	-0.03985209
11.65020488	1.10001722	-0.05376844
11.95020488	1.10001722	-0.05376844
12.25020488	1.10001722	-0.04607045
12.55020488	1.10001722	-0.06649976
12.85020488	1.10001722	-0.06649976
13.15020488	1.10001722	-0.06154950
13.45020488	1.10001722	-0.06154950
13.75020488	1.10001722	-0.07728518
14.05020488	1.10001722	-0.07728518
14.35020488	1.10001722	-0.07728518
14.65020488	1.10001722	-0.07503887
14.95020488	1.10001722	-0.07503887
15.25020488	1.10001722	-1.66120405
15.55020488	1.10001722	-1.66120405
15.85020488	1.10001722	-1.66120405
16.15020488	1.10001722	-1.66120405
16.45020488	1.10001722	-1.66120405
16.75020488	1.10001722	-1.66120405
17.05020488	1.10001722	-1.66120405
17.35020488	1.10001722	-1.66120405
17.65020488	1.10001722	-1.66120405
17.95020488	1.10001722	-1.66120405
18.25020488	1.10001722	-1.66120405
18.55020488	1.10001722	-1.66120405
18.85020488	1.10001722	-1.66120405
19.15020488	1.10001722	-1.66120405
