1779439347.4054 0.0000 0.0000 0.0000 0.0000 0.0000 0.0000 1.0000
1779439347.5064 0.3178 0.0347 -0.0670 -0.0019 -0.0022 -0.0041 1.0000
1779439347.6062 0.7013 0.0696 -0.0650 -0.0068 -0.0015 -0.0078 0.9999
1779439347.7052 1.0739 0.0544 -0.0988 -0.0097 0.0017 -0.0068 0.9999
1779439347.8054 1.4454 0.0928 -0.0853 -0.0123 0.0035 -0.0045 0.9999
1779439347.9052 1.8373 0.1396 -0.1036 -0.0127 0.0038 0.0027 0.9999
1779439348.0042 2.2143 0.1428 -0.1291 -0.0114 0.0036 0.0114 0.9999
1779439348.1029 2.6230 0.1592 -0.1354 -0.0085 0.0041 0.0168 0.9998
1779439348.2025 3.0349 0.1253 -0.1797 -0.0046 0.0043 0.0227 0.9997
1779439348.3023 3.4245 0.1484 -0.1715 -0.0035 0.0035 0.0232 0.9997
1779439348.4025 3.8328 0.1801 -0.2231 0.0003 0.0027 0.0234 0.9997
1779439348.6023 4.6777 0.1901 -0.2448 0.0063 0.0028 0.0223 0.9997
1779439348.8011 5.5403 0.1370 -0.2691 0.0054 0.0028 0.0129 0.9999
1779439348.9023 5.9534 0.1538 -0.3291 0.0027 0.0020 0.0044 1.0000
1779439349.1022 6.7630 0.2151 -0.3385 -0.0030 0.0042 -0.0048 1.0000
1779439349.2024 7.2099 0.2591 -0.3372 -0.0063 0.0048 -0.0000 1.0000
1779439349.3010 7.6595 0.2318 -0.3357 -0.0062 0.0044 0.0054 1.0000
1779439349.4023 8.1185 0.2290 -0.3773 -0.0041 -0.0007 0.0084 1.0000
1779439349.5024 8.5957 0.2222 -0.3748 -0.0027 -0.0003 0.0105 0.9999
1779439349.6011 9.0510 0.2108 -0.4653 0.0015 0.0013 0.0113 0.9999
1779439349.7022 9.5083 0.2184 -0.4447 0.0037 0.0034 0.0130 0.9999
1779439349.8026 9.9793 0.2280 -0.4359 0.0053 0.0023 0.0143 0.9999
1779439349.9012 10.4735 0.1915 -0.4838 0.0068 0.0008 0.0125 0.9999
1779439350.0025 10.9663 0.1520 -0.4857 0.0076 0.0014 0.0044 1.0000
1779439350.1010 11.4311 0.1457 -0.4919 0.0041 -0.0005 -0.0036 1.0000
1779439350.2022 11.9045 0.1355 -0.4915 -0.0011 -0.0017 -0.0085 1.0000
1779439350.3004 12.3657 0.1415 -0.5494 -0.0030 -0.0013 -0.0098 0.9999
1779439350.4010 12.8604 0.1364 -0.5630 -0.0053 -0.0008 -0.0071 1.0000
1779439350.5023 13.3534 0.1194 -0.5599 -0.0068 0.0005 -0.0046 1.0000
1779439350.6010 13.8549 0.1114 -0.5865 -0.0078 -0.0007 -0.0020 1.0000
1779439350.7011 14.3511 0.0987 -0.6031 -0.0079 0.0003 0.0009 1.0000
1779439350.8024 14.8604 0.1172 -0.6241 -0.0073 0.0001 0.0019 1.0000
1779439350.9028 15.3801 0.0913 -0.6513 -0.0074 -0.0005 0.0041 1.0000
1779439351.0023 15.8764 0.0974 -0.6519 -0.0069 0.0002 0.0064 1.0000
1779439351.2021 16.9081 0.0905 -0.6890 -0.0036 -0.0001 0.0077 1.0000
1779439351.3023 17.4412 0.0898 -0.7142 -0.0028 -0.0007 0.0064 1.0000
1779439351.4010 17.9545 0.0890 -0.7346 -0.0041 -0.0019 0.0045 1.0000
1779439351.6023 19.0258 0.0457 -0.7560 -0.0070 -0.0002 -0.0011 1.0000
1779439351.8023 20.0858 0.0172 -0.7900 -0.0171 -0.0027 -0.0035 0.9998
1779439351.9025 20.6281 -0.0148 -0.8245 -0.0193 -0.0029 -0.0005 0.9998
1779439352.0023 21.1697 -0.0114 -0.8262 -0.0211 -0.0032 0.0051 0.9998
1779439352.1023 21.6901 0.0307 -0.8375 -0.0211 -0.0029 0.0115 0.9997
1779439352.2022 22.2313 0.0530 -0.8624 -0.0180 -0.0046 0.0184 0.9997
1779439352.3022 22.7760 0.0783 -0.8749 -0.0124 -0.0032 0.0236 0.9996
1779439352.4041 23.3279 0.0894 -0.8962 -0.0078 -0.0042 0.0274 0.9996
1779439352.5024 23.8621 0.1314 -0.8966 -0.0041 -0.0047 0.0262 0.9996
1779439352.6027 24.4132 0.1040 -0.9240 -0.0008 -0.0047 0.0242 0.9997
1779439352.8026 25.5041 0.1186 -0.9535 0.0031 -0.0039 0.0193 0.9998
1779439352.9025 26.0260 0.1172 -0.9501 0.0029 -0.0035 0.0174 0.9998
1779439353.2024 27.6193 0.0614 -0.9829 -0.0077 -0.0063 -0.0006 1.0000
1779439353.3022 28.1241 0.0601 -1.0010 -0.0132 -0.0070 -0.0040 0.9999
1779439353.4023 28.6328 0.1474 -0.9959 -0.0152 -0.0067 -0.0022 0.9999
1779439353.5024 29.1327 0.1524 -1.0017 -0.0168 -0.0064 0.0068 0.9998
1779439353.6022 29.6477 0.1661 -1.0240 -0.0139 -0.0082 0.0143 0.9998
1779439353.7024 30.1523 0.1652 -0.9920 -0.0128 -0.0107 0.0211 0.9996
1779439353.8028 30.6572 0.1317 -1.0184 -0.0098 -0.0116 0.0255 0.9996
1779439353.9023 31.1372 0.1119 -1.0563 -0.0069 -0.0139 0.0221 0.9996
1779439354.0024 31.6244 0.1139 -1.0464 -0.0061 -0.0135 0.0190 0.9997
1779439354.1021 32.0851 0.1167 -1.0311 -0.0073 -0.0127 0.0182 0.9997
1779439354.2024 32.5508 0.1122 -1.0543 -0.0063 -0.0128 0.0173 0.9997
1779439354.3041 33.0056 0.1059 -1.0491 -0.0074 -0.0137 0.0163 0.9997
1779439354.4023 33.4443 0.1110 -1.0378 -0.0093 -0.0138 0.0146 0.9998
1779439354.5025 33.8836 0.1194 -1.0644 -0.0082 -0.0132 0.0152 0.9998
1779439354.6037 34.3327 0.1278 -1.0641 -0.0090 -0.0124 0.0193 0.9997
1779439354.7027 34.7359 0.1259 -1.0776 -0.0058 -0.0100 0.0233 0.9997
1779439354.8038 35.1679 0.1125 -1.0862 -0.0036 -0.0097 0.0258 0.9996
1779439354.9041 35.5678 0.1315 -1.0610 -0.0013 -0.0081 0.0283 0.9996
1779439355.0029 35.9659 0.1296 -1.0959 0.0035 -0.0078 0.0299 0.9995
1779439355.2039 36.7206 0.1800 -1.0961 0.0075 -0.0088 0.0233 0.9997
1779439355.3042 37.1175 0.1458 -1.1326 0.0071 -0.0105 0.0138 0.9998
1779439355.4042 37.5098 0.1109 -1.1191 0.0045 -0.0079 0.0082 0.9999
1779439355.5050 37.8794 0.1126 -1.1605 0.0025 -0.0087 0.0010 1.0000
1779439355.6052 38.2582 0.0785 -1.1504 -0.0024 -0.0076 -0.0039 1.0000
1779439355.7039 38.5788 0.1052 -1.1547 -0.0060 -0.0074 -0.0087 0.9999
1779439355.8052 38.9889 0.0693 -1.1700 -0.0072 -0.0081 -0.0084 0.9999
1779439355.9056 39.3525 0.0492 -1.1101 -0.0104 -0.0046 -0.0019 0.9999
1779439356.0040 39.7172 0.0715 -1.0948 -0.0105 -0.0184 0.0022 0.9998
1779439356.2040 40.4035 0.1048 -1.1370 -0.0088 -0.0274 0.0086 0.9995
1779439356.3050 40.6970 0.1173 -1.1600 -0.0054 -0.0206 0.0073 0.9997
1779439356.4056 41.0539 0.1199 -1.1407 -0.0048 -0.0156 0.0050 0.9999
1779439356.6041 41.7152 0.0906 -1.1257 -0.0022 -0.0186 0.0048 0.9998
1779439356.7051 42.0417 0.0838 -1.1058 0.0002 -0.0184 0.0047 0.9998
1779439356.8037 42.3610 0.0895 -1.0999 0.0038 -0.0184 0.0056 0.9998
1779439356.9039 42.6998 0.0665 -1.1350 0.0086 -0.0197 0.0061 0.9997
1779439357.0040 42.9982 0.0786 -1.1051 0.0134 -0.0175 0.0050 0.9997
1779439357.1037 43.2840 0.0851 -1.1309 0.0163 -0.0183 0.0018 0.9997
1779439357.2037 43.5967 0.0515 -1.1343 0.0174 -0.0169 -0.0072 0.9997
1779439357.4027 44.2285 -0.0359 -1.1004 0.0152 -0.0163 -0.0273 0.9994
1779439357.5039 44.5667 -0.1068 -1.1030 0.0165 -0.0213 -0.0337 0.9991
1779439357.6023 44.8796 -0.1257 -1.1001 0.0199 -0.0210 -0.0372 0.9989
1779439357.7039 45.1953 -0.1875 -1.0728 0.0227 -0.0233 -0.0401 0.9987
1779439357.8027 45.5286 -0.2504 -1.1061 0.0280 -0.0230 -0.0444 0.9984
1779439357.9023 45.8035 -0.2821 -1.1095 0.0315 -0.0215 -0.0515 0.9979
1779439358.0037 46.1277 -0.3639 -1.1083 0.0362 -0.0198 -0.0627 0.9972
1779439358.1036 46.4196 -0.4351 -1.1243 0.0389 -0.0202 -0.0738 0.9963
1779439358.2040 46.7290 -0.4891 -1.1444 0.0436 -0.0191 -0.0872 0.9951
1779439358.3040 47.0325 -0.6128 -1.1373 0.0466 -0.0186 -0.1023 0.9935
1779439358.5040 47.5450 -0.7944 -1.1598 0.0470 -0.0186 -0.1476 0.9878
1779439358.6041 47.8859 -1.0287 -1.1852 0.0429 -0.0207 -0.1688 0.9845
1779439358.7039 48.1785 -1.2384 -1.1496 0.0401 -0.0130 -0.1880 0.9813
1779439358.8058 48.4469 -1.4099 -1.1771 0.0336 -0.0137 -0.2087 0.9773
1779439358.9041 48.7002 -1.6205 -1.1390 0.0249 -0.0156 -0.2287 0.9731
1779439359.0023 48.9901 -1.8477 -1.1685 0.0129 -0.0188 -0.2476 0.9686
1779439359.2026 49.4342 -2.2184 -1.2240 -0.0121 -0.0115 -0.2747 0.9614
1779439359.3040 49.6900 -2.2699 -1.2202 -0.0230 -0.0062 -0.2794 0.9599
1779439359.4039 49.9463 -2.2974 -1.2012 -0.0295 -0.0030 -0.2744 0.9612
1779439359.5040 50.1803 -2.3044 -1.2008 -0.0321 -0.0013 -0.2623 0.9645
1779439359.6052 50.3926 -2.3507 -1.1782 -0.0303 -0.0015 -0.2469 0.9686
1779439359.7037 50.6180 -2.4556 -1.1786 -0.0245 0.0004 -0.2318 0.9725
1779439359.8026 50.8859 -2.6078 -1.1864 -0.0189 -0.0015 -0.2203 0.9753
1779439359.9023 51.1414 -2.7212 -1.1806 -0.0150 -0.0035 -0.2105 0.9775
1779439360.0035 51.4369 -2.8829 -1.1697 -0.0084 -0.0057 -0.2046 0.9788
1779439360.2006 51.9757 -3.1104 -1.1638 0.0072 -0.0110 -0.1986 0.9800
1779439360.3018 52.2440 -3.2970 -1.1953 0.0150 -0.0143 -0.2013 0.9793
1779439360.4021 52.5525 -3.6635 -1.2314 0.0143 -0.0166 -0.2123 0.9770
1779439360.6019 52.9359 -3.9341 -1.2485 0.0025 -0.0174 -0.2640 0.9644
1779439360.7020 53.1244 -3.9584 -1.2423 -0.0032 -0.0152 -0.2710 0.9624
1779439360.8007 53.3490 -4.0738 -1.2532 -0.0047 -0.0146 -0.2738 0.9617
1779439361.0020 53.7904 -4.3602 -1.2305 -0.0074 -0.0110 -0.2753 0.9613
1779439361.2020 54.2113 -4.7200 -1.2484 -0.0152 -0.0106 -0.2809 0.9596
1779439361.3005 54.4245 -4.8644 -1.2764 -0.0179 -0.0091 -0.2871 0.9577
1779439361.4020 54.6438 -4.9021 -1.2754 -0.0214 -0.0062 -0.2879 0.9574
1779439361.5019 54.8020 -4.9725 -1.2384 -0.0236 -0.0069 -0.2849 0.9582
1779439361.6007 54.9907 -5.0174 -1.2469 -0.0233 -0.0055 -0.2798 0.9598
1779439361.7018 55.1032 -5.0306 -1.2707 -0.0252 -0.0066 -0.2719 0.9620
1779439361.8020 55.2754 -5.1570 -1.2595 -0.0262 -0.0052 -0.2673 0.9632
1779439361.9018 55.4941 -5.2473 -1.3639 -0.0268 -0.0005 -0.2627 0.9645
1779439362.0019 55.6840 -5.3428 -1.3210 -0.0290 0.0070 -0.2589 0.9654
1779439362.1006 55.8788 -5.3768 -1.3110 -0.0318 0.0120 -0.2556 0.9662
1779439362.2018 56.0355 -5.3658 -1.2862 -0.0329 0.0089 -0.2462 0.9686
1779439362.3020 56.2184 -5.3706 -1.2838 -0.0314 0.0085 -0.2335 0.9718
1779439362.4019 56.4003 -5.3515 -1.2876 -0.0315 0.0061 -0.2181 0.9754
1779439362.5019 56.5692 -5.4185 -1.2428 -0.0316 0.0023 -0.2025 0.9788
1779439362.6024 56.7547 -5.4757 -1.2884 -0.0316 -0.0035 -0.1896 0.9813
1779439362.7017 56.9380 -5.5381 -1.2835 -0.0311 -0.0047 -0.1757 0.9839
1779439362.8021 57.0971 -5.5592 -1.2929 -0.0305 -0.0059 -0.1646 0.9859
1779439362.9022 57.2782 -5.5641 -1.2814 -0.0312 -0.0069 -0.1498 0.9882
1779439363.0018 57.4765 -5.6156 -1.2735 -0.0319 -0.0071 -0.1333 0.9905
1779439363.2019 57.7688 -5.5959 -1.2834 -0.0367 -0.0098 -0.0994 0.9943
1779439363.3019 57.8865 -5.5674 -1.2793 -0.0385 -0.0110 -0.0831 0.9957
1779439363.4020 58.0930 -5.5531 -1.2782 -0.0393 -0.0122 -0.0618 0.9972
1779439363.5019 58.2574 -5.5498 -1.2750 -0.0396 -0.0134 -0.0340 0.9985
1779439363.6021 58.4208 -5.5256 -1.2796 -0.0382 -0.0144 -0.0014 0.9992
1779439363.7024 58.5353 -5.5018 -1.2618 -0.0383 -0.0152 0.0353 0.9985
1779439363.8019 58.6460 -5.3839 -1.2774 -0.0366 -0.0156 0.0673 0.9969
1779439363.9020 58.7008 -5.2725 -1.2780 -0.0356 -0.0154 0.0962 0.9946
1779439364.0034 58.8006 -5.2210 -1.2507 -0.0342 -0.0154 0.1251 0.9914
1779439364.1021 58.9082 -5.1669 -1.2536 -0.0311 -0.0165 0.1547 0.9873
1779439364.4034 59.0404 -4.9320 -1.2158 -0.0293 -0.0170 0.2351 0.9714
1779439364.5020 59.0815 -4.8490 -1.2467 -0.0265 -0.0180 0.2607 0.9649
1779439364.6021 59.1400 -4.8002 -1.2756 -0.0239 -0.0198 0.2885 0.9570
1779439364.7034 59.1802 -4.6968 -1.2470 -0.0234 -0.0190 0.3166 0.9481
1779439364.8024 59.2446 -4.5981 -1.2591 -0.0218 -0.0201 0.3482 0.9369
1779439364.9037 59.2789 -4.5104 -1.2758 -0.0206 -0.0210 0.3813 0.9240
1779439365.1023 59.1752 -4.2899 -1.2605 -0.0189 -0.0200 0.4394 0.8979
1779439365.2034 59.1105 -4.1308 -1.2648 -0.0189 -0.0206 0.4664 0.8841
1779439365.3034 59.0267 -4.0271 -1.2557 -0.0187 -0.0219 0.4911 0.8707
1779439365.4043 59.0128 -3.9096 -1.2857 -0.0194 -0.0236 0.5148 0.8568
1779439365.5048 58.9942 -3.8168 -1.2837 -0.0220 -0.0258 0.5391 0.8416
1779439365.6037 58.9515 -3.7249 -1.2750 -0.0232 -0.0269 0.5612 0.8269
1779439365.7037 58.9209 -3.6156 -1.2987 -0.0230 -0.0294 0.5838 0.8110
1779439365.8038 58.8476 -3.5477 -1.2704 -0.0224 -0.0306 0.6075 0.7934
1779439365.9037 58.7869 -3.5100 -1.2571 -0.0202 -0.0316 0.6314 0.7746
1779439366.0037 58.6675 -3.4724 -1.2682 -0.0176 -0.0328 0.6548 0.7549
1779439366.1023 58.5968 -3.4363 -1.2882 -0.0164 -0.0353 0.6761 0.7357
1779439366.3037 58.5021 -3.3814 -1.2653 -0.0170 -0.0419 0.7157 0.6969
1779439366.4035 58.4069 -3.3586 -1.2633 -0.0192 -0.0457 0.7335 0.6779
1779439366.5038 58.3402 -3.3246 -1.2668 -0.0198 -0.0485 0.7497 0.6597
1779439366.6051 58.2668 -3.2928 -1.2406 -0.0219 -0.0523 0.7650 0.6415
1779439366.7044 58.1830 -3.2798 -1.2480 -0.0215 -0.0534 0.7817 0.6210
1779439366.8048 58.0401 -3.2858 -1.2577 -0.0217 -0.0581 0.7995 0.5975
1779439366.9052 57.9759 -3.2827 -1.2561 -0.0188 -0.0590 0.8190 0.5705
1779439367.0036 57.8998 -3.2742 -1.2449 -0.0160 -0.0584 0.8367 0.5443
1779439367.1036 57.7911 -3.2727 -1.2346 -0.0141 -0.0581 0.8536 0.5174
1779439367.2036 57.7203 -3.2810 -1.2305 -0.0116 -0.0570 0.8699 0.4898
1779439367.3034 57.6280 -3.2935 -1.2356 -0.0073 -0.0538 0.8858 0.4608
1779439367.4037 57.5458 -3.3209 -1.2312 -0.0041 -0.0501 0.9023 0.4282
1779439367.5035 57.4406 -3.3498 -1.2298 0.0001 -0.0462 0.9175 0.3950
1779439367.6036 57.3198 -3.3754 -1.2189 0.0019 -0.0441 0.9319 0.3601
1779439367.7044 57.1983 -3.4078 -1.2335 0.0041 -0.0419 0.9437 0.3281
1779439367.8037 57.0913 -3.4148 -1.2471 0.0050 -0.0388 0.9530 0.3004
1779439367.9038 56.9990 -3.4282 -1.2372 0.0061 -0.0370 0.9615 0.2724
1779439368.0046 56.9092 -3.4338 -1.2365 0.0083 -0.0332 0.9676 0.2503
1779439368.1036 56.8089 -3.4299 -1.1993 0.0083 -0.0317 0.9724 0.2308
1779439368.2038 56.6664 -3.4778 -1.2096 0.0088 -0.0316 0.9759 0.2157
1779439368.3032 56.5705 -3.4896 -1.1810 0.0100 -0.0302 0.9783 0.2045
1779439368.4038 56.4596 -3.5032 -1.2310 0.0123 -0.0300 0.9804 0.1941
1779439368.5022 56.3773 -3.4751 -1.2236 0.0136 -0.0276 0.9812 0.1904
1779439368.6021 56.3031 -3.4621 -1.1678 0.0138 -0.0252 0.9827 0.1828
1779439368.7035 56.2094 -3.4344 -1.2543 0.0195 -0.0196 0.9851 0.1695
1779439368.8033 56.0950 -3.4406 -1.1989 0.0200 -0.0148 0.9871 0.1584
1779439368.9033 55.9644 -3.4444 -1.2659 0.0233 -0.0104 0.9890 0.1456
1779439369.0045 55.8436 -3.4065 -1.2253 0.0217 -0.0050 0.9892 0.1448
1779439369.1037 55.7259 -3.3552 -1.2180 0.0213 -0.0054 0.9892 0.1446
1779439369.2046 55.6180 -3.2764 -1.2208 0.0193 -0.0050 0.9878 0.1547
1779439369.3043 55.4644 -3.2347 -1.1795 0.0147 -0.0089 0.9855 0.1689
1779439369.4046 55.3521 -3.1371 -1.1733 0.0120 -0.0161 0.9831 0.1821
1779439369.5045 55.2261 -3.0548 -1.1253 0.0101 -0.0249 0.9785 0.2045
1779439369.6046 55.0925 -2.9608 -1.1598 0.0108 -0.0338 0.9763 0.2133
1779439369.7037 54.9702 -2.8591 -1.2240 0.0115 -0.0360 0.9753 0.2176
1779439369.8046 54.8057 -2.7902 -1.1680 0.0094 -0.0370 0.9761 0.2140
1779439369.9036 54.6087 -2.7918 -1.2326 0.0112 -0.0377 0.9782 0.2040
1779439370.1036 54.2574 -2.6858 -1.1800 0.0095 -0.0357 0.9790 0.2005
1779439370.2036 54.0258 -2.6407 -1.1844 0.0130 -0.0330 0.9800 0.1957
1779439370.3036 53.8598 -2.5779 -1.1871 0.0167 -0.0298 0.9813 0.1896
1779439370.4032 53.6951 -2.5085 -1.1977 0.0219 -0.0270 0.9832 0.1791
1779439370.5035 53.5078 -2.4533 -1.2009 0.0232 -0.0220 0.9842 0.1743
1779439370.6042 53.3331 -2.4064 -1.2074 0.0253 -0.0179 0.9856 0.1662
1779439370.7036 53.1443 -2.3556 -1.2137 0.0272 -0.0125 0.9867 0.1596
1779439370.8044 52.9640 -2.3034 -1.2038 0.0264 -0.0090 0.9876 0.1542
1779439370.9044 52.7597 -2.2484 -1.1888 0.0244 -0.0070 0.9884 0.1499
1779439371.0041 52.5847 -2.2032 -1.1870 0.0231 -0.0051 0.9885 0.1496
1779439371.1046 52.3627 -2.1691 -1.1550 0.0227 -0.0084 0.9883 0.1504
1779439371.2036 52.1826 -2.0937 -1.1631 0.0217 -0.0109 0.9874 0.1562
1779439371.3046 52.0091 -2.0218 -1.1767 0.0191 -0.0131 0.9862 0.1639
1779439371.4065 51.7965 -1.9773 -1.1944 0.0211 -0.0136 0.9855 0.1676
1779439371.5036 51.6281 -1.9020 -1.1713 0.0215 -0.0102 0.9853 0.1689
1779439371.6043 51.4864 -1.8003 -1.1766 0.0235 -0.0075 0.9859 0.1655
1779439371.7046 51.2898 -1.7358 -1.2032 0.0257 -0.0033 0.9862 0.1635
1779439371.8045 51.0686 -1.6615 -1.1953 0.0253 0.0020 0.9863 0.1628
1779439371.9043 50.8672 -1.5892 -1.1926 0.0242 0.0059 0.9858 0.1659
1779439372.1035 50.5304 -1.3880 -1.1784 0.0264 0.0145 0.9808 0.1927
1779439372.2042 50.3354 -1.2768 -1.1446 0.0257 0.0128 0.9787 0.2033
1779439372.3035 50.1177 -1.1689 -1.1352 0.0276 0.0089 0.9753 0.2188
1779439372.4035 49.9695 -1.0207 -1.1199 0.0290 0.0041 0.9706 0.2388
1779439372.5043 49.7746 -0.8862 -1.1034 0.0276 -0.0019 0.9653 0.2595
1779439372.6041 49.6238 -0.7463 -1.1282 0.0268 -0.0073 0.9599 0.2791
1779439372.7043 49.4956 -0.5946 -1.1348 0.0227 -0.0128 0.9561 0.2919
1779439372.8046 49.3513 -0.4335 -1.1792 0.0197 -0.0155 0.9533 0.3010
1779439372.9045 49.2051 -0.2648 -1.1267 0.0156 -0.0166 0.9495 0.3130
1779439373.0043 49.0284 -0.1176 -1.1502 0.0124 -0.0213 0.9453 0.3252
1779439373.1034 48.8846 0.0495 -1.1694 0.0099 -0.0251 0.9418 0.3350
1779439373.2034 48.7408 0.1958 -1.1124 0.0056 -0.0284 0.9411 0.3368
1779439373.3032 48.5474 0.3484 -1.1186 0.0058 -0.0335 0.9416 0.3349
1779439373.4031 48.3513 0.4827 -1.1515 0.0070 -0.0376 0.9413 0.3354
1779439373.6035 47.9894 0.7924 -1.1118 0.0075 -0.0492 0.9458 0.3209
1779439373.7044 47.7958 0.9215 -1.1381 0.0105 -0.0526 0.9494 0.3094
1779439373.8052 47.5744 1.0404 -1.1378 0.0100 -0.0557 0.9546 0.2926
1779439373.9045 47.3513 1.1504 -1.1121 0.0104 -0.0564 0.9583 0.2798
1779439374.0051 47.1272 1.2524 -1.1308 0.0108 -0.0601 0.9616 0.2674
1779439374.1041 46.8865 1.3447 -1.1154 0.0107 -0.0629 0.9645 0.2563
1779439374.2044 46.6336 1.4557 -1.1179 0.0130 -0.0644 0.9670 0.2462
1779439374.3061 46.4247 1.5642 -1.1437 0.0155 -0.0656 0.9706 0.2309
1779439374.4044 46.1728 1.6505 -1.1170 0.0167 -0.0633 0.9745 0.2146
1779439374.5060 45.9362 1.7207 -1.1231 0.0154 -0.0599 0.9786 0.1961
1779439374.6068 45.6844 1.7872 -1.1046 0.0149 -0.0579 0.9829 0.1741
1779439374.7061 45.4367 1.8482 -1.1068 0.0170 -0.0561 0.9860 0.1560
1779439374.8071 45.2134 1.8932 -1.0949 0.0167 -0.0539 0.9885 0.1401
1779439374.9071 44.9784 1.9519 -1.0883 0.0154 -0.0507 0.9904 0.1274
1779439375.0069 44.7208 1.9895 -1.0957 0.0148 -0.0460 0.9918 0.1186
1779439375.1063 44.4682 2.0488 -1.0753 0.0131 -0.0439 0.9931 0.1079
1779439375.3055 43.9769 2.1794 -1.0591 0.0191 -0.0371 0.9945 0.0957
1779439375.4061 43.7120 2.2125 -1.0582 0.0212 -0.0331 0.9951 0.0911
1779439375.5034 43.4567 2.2242 -1.0573 0.0233 -0.0312 0.9952 0.0893
1779439375.7040 42.9204 2.3201 -1.0520 0.0209 -0.0318 0.9958 0.0833
1779439375.8035 42.6738 2.3514 -1.0614 0.0190 -0.0336 0.9959 0.0816
1779439375.9050 42.4141 2.3867 -1.0908 0.0161 -0.0339 0.9962 0.0788
1779439376.1060 41.8887 2.4664 -1.0950 0.0083 -0.0341 0.9966 0.0744
1779439376.2061 41.6283 2.5004 -1.0822 0.0074 -0.0363 0.9967 0.0727
1779439376.3049 41.3603 2.5542 -1.0673 0.0078 -0.0380 0.9968 0.0701
1779439376.4051 41.0756 2.5833 -1.0743 0.0105 -0.0379 0.9970 0.0674
1779439376.5060 40.7863 2.5990 -1.0648 0.0080 -0.0366 0.9972 0.0651
1779439376.6048 40.5237 2.6580 -1.0917 0.0083 -0.0353 0.9977 0.0581
1779439376.7061 40.2270 2.7009 -1.0843 0.0122 -0.0402 0.9979 0.0484
1779439376.8063 39.9369 2.6650 -1.1195 0.0110 -0.0407 0.9982 0.0421
1779439376.9061 39.6369 2.6769 -1.0919 0.0097 -0.0448 0.9984 0.0330
1779439377.0070 39.3781 2.6632 -1.1402 0.0073 -0.0435 0.9988 0.0213
1779439377.1061 39.0695 2.5990 -1.1223 0.0050 -0.0433 0.9990 0.0132
1779439377.2059 38.7654 2.5964 -1.1469 0.0025 -0.0385 0.9992 0.0040
1779439377.3043 38.4468 2.5306 -1.1403 0.0024 -0.0356 0.9993 -0.0055
1779439377.4048 38.1347 2.4789 -1.0330 0.0173 -0.0337 0.9991 -0.0164
1779439377.5041 37.8354 2.4822 -1.0609 0.0161 -0.0267 0.9992 -0.0267
1779439377.6028 37.4985 2.4150 -1.1113 0.0291 -0.0223 0.9987 -0.0361
1779439377.7030 37.2199 2.4521 -1.1431 0.0304 -0.0182 0.9984 -0.0445
1779439377.8033 36.9698 2.4969 -1.0425 0.0195 -0.0167 0.9988 -0.0416
1779439377.9042 36.6564 2.5008 -1.0898 0.0217 -0.0153 0.9990 -0.0365
1779439378.0032 36.3502 2.4905 -1.0828 0.0229 -0.0140 0.9990 -0.0357
1779439378.1015 36.0479 2.4766 -1.0905 0.0223 -0.0115 0.9992 -0.0307
1779439378.2032 35.7641 2.4685 -1.0798 0.0226 -0.0105 0.9993 -0.0266
1779439378.4029 35.1562 2.4944 -1.1017 0.0211 -0.0067 0.9996 -0.0201
1779439378.5031 34.8165 2.4591 -1.0923 0.0203 -0.0090 0.9996 -0.0172
1779439378.6032 34.5018 2.4693 -1.0647 0.0209 -0.0122 0.9996 -0.0150
1779439378.7028 34.2124 2.4806 -1.0725 0.0209 -0.0154 0.9996 -0.0125
1779439378.8032 33.8944 2.4824 -1.0878 0.0219 -0.0190 0.9995 -0.0118
1779439378.9032 33.5772 2.4323 -1.0887 0.0209 -0.0204 0.9995 -0.0101
1779439379.1032 32.9297 2.4199 -1.0851 0.0206 -0.0185 0.9994 -0.0204
1779439379.2018 32.6107 2.4106 -1.0556 0.0186 -0.0133 0.9994 -0.0258
1779439379.3029 32.2956 2.3656 -1.1119 0.0203 -0.0088 0.9992 -0.0325
1779439379.4030 31.9746 2.3495 -1.0597 0.0183 -0.0032 0.9990 -0.0401
1779439379.5015 31.7007 2.3580 -1.0498 0.0181 0.0016 0.9989 -0.0440
1779439379.6017 31.3981 2.3964 -1.0576 0.0187 0.0023 0.9991 -0.0390
1779439379.7028 31.0651 2.3914 -1.0666 0.0191 0.0043 0.9994 -0.0278
1779439379.8032 30.7358 2.3718 -1.0677 0.0177 0.0039 0.9997 -0.0164
1779439379.9031 30.4395 2.3878 -1.0560 0.0162 0.0015 0.9998 -0.0087
1779439380.0032 30.1098 2.4029 -1.0749 0.0165 -0.0015 0.9999 -0.0008
1779439380.1028 29.8031 2.4411 -1.0550 0.0164 -0.0048 0.9998 0.0076
1779439380.2030 29.4802 2.4636 -1.1080 0.0170 -0.0093 0.9997 0.0176
1779439380.3015 29.1405 2.4661 -1.0930 0.0167 -0.0125 0.9995 0.0254
1779439380.4032 28.8119 2.4489 -1.0902 0.0143 -0.0145 0.9994 0.0268
1779439380.5041 28.4538 2.4427 -1.1081 0.0159 -0.0175 0.9995 0.0216
1779439380.6017 28.1181 2.4829 -1.0775 0.0175 -0.0191 0.9995 0.0155
1779439380.7027 27.7831 2.4810 -1.0573 0.0229 -0.0200 0.9995 0.0128
1779439380.8041 27.4357 2.4861 -1.0791 0.0251 -0.0225 0.9994 0.0074
1779439380.9028 27.0940 2.5040 -1.1024 0.0265 -0.0238 0.9994 0.0034
1779439381.0030 26.7613 2.4876 -1.0597 0.0241 -0.0242 0.9994 0.0004
1779439381.1026 26.3861 2.4864 -1.0497 0.0254 -0.0244 0.9994 -0.0018
1779439381.2017 26.0245 2.5094 -1.0432 0.0292 -0.0198 0.9994 -0.0056
1779439381.3028 25.6886 2.5106 -1.0398 0.0304 -0.0142 0.9993 -0.0134
1779439381.4014 25.3617 2.5306 -1.0460 0.0297 -0.0071 0.9994 -0.0187
1779439381.5028 25.0122 2.5445 -1.0349 0.0293 -0.0043 0.9994 -0.0203
1779439381.6028 24.6582 2.5671 -0.9910 0.0282 -0.0031 0.9996 -0.0077
1779439381.7014 24.2930 2.5499 -0.9942 0.0290 -0.0070 0.9995 0.0043
1779439381.9040 23.6077 2.6158 -1.0024 0.0288 -0.0119 0.9993 0.0189
1779439382.0028 23.2636 2.6298 -1.0193 0.0286 -0.0144 0.9994 0.0137
1779439382.1016 22.8917 2.6067 -0.9913 0.0265 -0.0119 0.9995 0.0152
1779439382.2028 22.5340 2.6627 -0.9830 0.0269 -0.0131 0.9994 0.0170
1779439382.3028 22.1920 2.6827 -0.9591 0.0271 -0.0161 0.9993 0.0213
1779439382.4027 21.8615 2.7162 -0.9812 0.0275 -0.0164 0.9991 0.0285
1779439382.5028 21.4959 2.7375 -0.9568 0.0281 -0.0166 0.9990 0.0300
1779439382.6032 21.1338 2.7575 -0.9671 0.0270 -0.0205 0.9990 0.0294
1779439382.8040 20.4315 2.7884 -0.9288 0.0278 -0.0208 0.9992 0.0195
1779439382.9031 20.0817 2.7767 -0.9224 0.0321 -0.0215 0.9992 0.0138
1779439383.0026 19.7359 2.7754 -0.9175 0.0327 -0.0202 0.9992 0.0094
1779439383.1030 19.3694 2.7727 -0.9101 0.0358 -0.0185 0.9992 0.0067
1779439383.3031 18.7010 2.8432 -0.8700 0.0327 -0.0205 0.9992 0.0091
1779439383.4040 18.3162 2.8514 -0.8842 0.0347 -0.0213 0.9990 0.0184
1779439383.5029 17.9625 2.8841 -0.8481 0.0344 -0.0252 0.9989 0.0192
1779439383.6046 17.6443 2.8802 -0.8586 0.0323 -0.0268 0.9989 0.0193
1779439383.8029 16.9359 2.9348 -0.8272 0.0333 -0.0261 0.9991 -0.0012
1779439383.9030 16.5747 2.8936 -0.8017 0.0344 -0.0244 0.9991 -0.0053
1779439384.0038 16.2260 2.8676 -0.8137 0.0379 -0.0265 0.9989 -0.0088
1779439384.1028 15.8915 2.8637 -0.8058 0.0379 -0.0259 0.9989 -0.0094
1779439384.3028 15.2075 2.9145 -0.7750 0.0353 -0.0225 0.9990 -0.0163
1779439384.4028 14.8693 2.9103 -0.7624 0.0357 -0.0166 0.9990 -0.0195
1779439384.5039 14.4942 2.8690 -0.7250 0.0375 -0.0124 0.9990 -0.0216
1779439384.6030 14.1708 2.8504 -0.7367 0.0390 -0.0073 0.9989 -0.0233
1779439384.8040 13.4683 2.8303 -0.7093 0.0380 -0.0007 0.9991 -0.0203
1779439384.9038 13.1274 2.8484 -0.6815 0.0383 -0.0021 0.9992 -0.0149
1779439385.0039 12.7733 2.8390 -0.6568 0.0391 -0.0062 0.9992 -0.0084
1779439385.1036 12.4335 2.8527 -0.6659 0.0415 -0.0098 0.9991 -0.0011
1779439385.2069 12.1062 2.8639 -0.6644 0.0407 -0.0124 0.9991 0.0064
1779439385.3047 11.7723 2.8930 -0.6507 0.0391 -0.0140 0.9991 0.0089
1779439385.4050 11.4445 2.8946 -0.6415 0.0360 -0.0154 0.9991 0.0151
1779439385.5056 11.1038 2.9311 -0.6273 0.0339 -0.0171 0.9991 0.0195
1779439385.6066 10.7538 2.9641 -0.6220 0.0345 -0.0186 0.9990 0.0237
1779439385.7060 10.4074 2.9959 -0.6169 0.0350 -0.0240 0.9987 0.0280
1779439385.8058 10.1263 3.0286 -0.6368 0.0339 -0.0296 0.9985 0.0313
1779439385.9064 9.8095 3.0640 -0.5925 0.0324 -0.0332 0.9985 0.0303
1779439386.0060 9.4709 3.0617 -0.6133 0.0325 -0.0333 0.9987 0.0189
1779439386.1058 9.1153 3.0471 -0.6001 0.0353 -0.0327 0.9988 0.0052
1779439386.2047 8.7663 3.0270 -0.5505 0.0373 -0.0315 0.9988 -0.0082
1779439386.3057 8.4335 2.9691 -0.5454 0.0419 -0.0266 0.9985 -0.0229
1779439386.4045 8.1233 2.9354 -0.5221 0.0463 -0.0209 0.9981 -0.0348
1779439386.5045 7.8081 2.8918 -0.5220 0.0503 -0.0158 0.9979 -0.0380
1779439386.6057 7.4794 2.8984 -0.4993 0.0438 -0.0154 0.9983 -0.0348
1779439386.8064 6.8165 2.8702 -0.4391 0.0368 -0.0189 0.9989 -0.0225
1779439386.9064 6.4589 2.9025 -0.4743 0.0422 -0.0144 0.9988 -0.0220
1779439387.0047 6.1533 2.8888 -0.4407 0.0447 -0.0138 0.9985 -0.0288
1779439387.1056 5.8558 2.8411 -0.4249 0.0474 -0.0093 0.9983 -0.0322
1779439387.2044 5.5358 2.8422 -0.4265 0.0442 -0.0041 0.9984 -0.0358
1779439387.4060 4.9131 2.7923 -0.3657 0.0470 0.0030 0.9984 -0.0312
1779439387.5038 4.5953 2.7924 -0.3556 0.0474 0.0027 0.9987 -0.0177
1779439387.6045 4.2643 2.8327 -0.3472 0.0480 -0.0019 0.9988 -0.0089
1779439387.7045 3.9654 2.8238 -0.3404 0.0471 -0.0056 0.9989 -0.0010
1779439387.8037 3.6516 2.8403 -0.3473 0.0450 -0.0087 0.9989 0.0101
1779439387.9046 3.3160 2.8735 -0.3263 0.0424 -0.0128 0.9988 0.0190
1779439388.1057 2.7239 2.9675 -0.3076 0.0445 -0.0214 0.9984 0.0260
1779439388.2056 2.4220 2.9668 -0.2821 0.0426 -0.0246 0.9985 0.0228
1779439388.3044 2.1212 2.9751 -0.2838 0.0460 -0.0229 0.9985 0.0207
1779439388.4047 1.8455 2.9964 -0.2683 0.0441 -0.0213 0.9987 0.0145
1779439388.5055 1.5163 3.0133 -0.2370 0.0437 -0.0201 0.9988 0.0061
1779439388.6037 1.2241 2.9913 -0.2325 0.0439 -0.0167 0.9989 0.0003
1779439388.7047 0.9202 2.9984 -0.2117 0.0493 -0.0154 0.9987 -0.0051
1779439388.8046 0.6182 2.9753 -0.1880 0.0482 -0.0148 0.9987 -0.0087
1779439388.9039 0.3310 2.9790 -0.1833 0.0473 -0.0151 0.9987 -0.0079
1779439389.0047 0.0187 2.9645 -0.1721 0.0480 -0.0145 0.9987 -0.0038
1779439389.1037 -0.2992 2.9975 -0.1509 0.0455 -0.0177 0.9988 -0.0029
1779439389.2044 -0.5899 2.9720 -0.1317 0.0433 -0.0146 0.9990 0.0028
1779439389.5046 -1.4676 3.0329 -0.0859 0.0445 -0.0193 0.9987 0.0163
1779439389.6046 -1.7748 3.0632 -0.0890 0.0445 -0.0231 0.9985 0.0202
1779439389.7037 -2.0507 3.0755 -0.0677 0.0462 -0.0270 0.9984 0.0207
1779439389.8046 -2.3593 3.0861 -0.0572 0.0433 -0.0278 0.9986 0.0149
1779439389.9055 -2.6707 3.0793 -0.0187 0.0447 -0.0284 0.9986 0.0051
1779439390.0037 -2.9394 3.0751 -0.0037 0.0477 -0.0269 0.9985 -0.0016
1779439390.1043 -3.2116 3.0545 -0.0135 0.0482 -0.0263 0.9984 -0.0113
1779439390.2037 -3.4901 3.0697 0.0141 0.0490 -0.0235 0.9983 -0.0215
1779439390.3043 -3.7933 3.0531 0.0437 0.0471 -0.0210 0.9983 -0.0272
1779439390.4043 -4.0548 3.0660 0.0429 0.0456 -0.0233 0.9982 -0.0326
1779439390.5034 -4.3501 3.1074 0.1018 0.0437 -0.0211 0.9984 -0.0290
1779439390.6047 -4.6409 3.0436 0.1279 0.0441 -0.0162 0.9986 -0.0231
1779439390.7044 -4.9351 3.0531 0.0772 0.0481 -0.0144 0.9984 -0.0267
1779439390.8047 -5.2082 3.0060 0.0891 0.0491 -0.0104 0.9982 -0.0323
1779439390.9034 -5.4742 3.0130 0.1200 0.0482 -0.0049 0.9980 -0.0397
1779439391.0044 -5.7488 3.0774 0.1489 0.0444 -0.0054 0.9982 -0.0405
1779439391.2027 -6.3120 3.1194 0.2057 0.0440 -0.0028 0.9987 -0.0272
1779439391.3026 -6.5966 3.0849 0.1902 0.0443 -0.0052 0.9988 -0.0179
1779439391.4036 -6.8754 3.0947 0.1999 0.0446 -0.0065 0.9989 -0.0108
1779439391.5026 -7.1276 3.0919 0.2162 0.0405 -0.0120 0.9991 -0.0047
1779439391.6033 -7.3842 3.1127 0.1935 0.0375 -0.0132 0.9992 0.0002
1779439391.7036 -7.6556 3.1627 0.1908 0.0347 -0.0138 0.9993 0.0026
1779439391.8035 -7.9441 3.1469 0.2169 0.0310 -0.0195 0.9993 0.0061
1779439391.9042 -8.2056 3.1414 0.2238 0.0319 -0.0204 0.9992 0.0102
1779439392.0042 -8.4749 3.1764 0.2492 0.0332 -0.0213 0.9991 0.0132
1779439392.1026 -8.7285 3.1786 0.2602 0.0364 -0.0231 0.9989 0.0163
1779439392.2034 -9.0030 3.1299 0.2263 0.0398 -0.0233 0.9988 0.0171
1779439392.3027 -9.2618 3.1292 0.2481 0.0345 -0.0239 0.9990 0.0118
1779439392.4028 -9.5221 3.1765 0.2588 0.0348 -0.0194 0.9992 0.0056
1779439392.5042 -9.7735 3.1624 0.2620 0.0299 -0.0187 0.9994 0.0015
1779439392.6027 -10.0329 3.1907 0.2439 0.0282 -0.0163 0.9995 -0.0052
1779439392.7034 -10.2988 3.2036 0.3105 0.0272 -0.0123 0.9995 -0.0115
1779439392.8042 -10.5396 3.1718 0.2754 0.0252 -0.0126 0.9995 -0.0155
1779439392.9027 -10.7746 3.1958 0.2188 0.0220 -0.0096 0.9995 -0.0199
1779439393.0041 -11.0333 3.2054 0.2797 0.0151 -0.0089 0.9996 -0.0227
1779439393.1034 -11.2530 3.2335 0.2419 0.0121 -0.0086 0.9996 -0.0229
1779439393.2033 -11.4902 3.2575 0.2184 0.0090 -0.0069 0.9998 -0.0187
1779439393.3043 -11.7409 3.2736 0.2507 0.0032 -0.0096 0.9998 -0.0156
1779439393.4033 -11.9989 3.3300 0.1737 0.0026 -0.0129 0.9999 -0.0086
1779439393.6056 -12.5434 3.2766 0.1508 -0.0039 -0.0165 0.9998 0.0065
1779439393.7035 -12.8298 3.2680 0.1424 -0.0085 -0.0176 0.9998 0.0060
1779439393.8044 -13.0937 3.2835 0.2144 -0.0128 -0.0179 0.9997 0.0042
1779439393.9060 -13.3780 3.2866 0.0817 -0.0101 -0.0151 0.9998 0.0037
1779439394.0042 -13.6757 3.2861 0.1338 -0.0145 -0.0139 0.9998 0.0032
1779439394.1042 -13.9812 3.2930 0.1677 -0.0123 -0.0122 0.9999 0.0003
1779439394.2035 -14.2738 3.2983 0.1344 -0.0086 -0.0110 0.9999 -0.0018
1779439394.4043 -14.8706 3.3870 0.0860 -0.0085 -0.0153 0.9998 0.0015
1779439394.5044 -15.1348 3.3703 0.0002 -0.0114 -0.0189 0.9997 0.0085
1779439394.6053 -15.4225 3.4102 -0.0581 -0.0154 -0.0248 0.9995 0.0130
1779439394.7056 -15.7521 3.4088 -0.0460 -0.0158 -0.0258 0.9994 0.0175
1779439394.9061 -16.3905 3.4061 -0.1492 -0.0241 -0.0298 0.9992 0.0142
1779439395.0056 -16.7069 3.4519 -0.0835 -0.0280 -0.0270 0.9992 0.0111
1779439395.1043 -17.0463 3.4391 -0.0346 -0.0238 -0.0240 0.9994 0.0078
1779439395.2033 -17.3905 3.4608 -0.1473 -0.0157 -0.0234 0.9996 0.0027
1779439395.3043 -17.7413 3.4772 -0.1810 -0.0150 -0.0209 0.9997 -0.0017
1779439395.5040 -18.4303 3.4718 -0.2188 -0.0156 -0.0145 0.9997 -0.0105
1779439395.6043 -18.8038 3.4828 -0.2256 -0.0132 -0.0109 0.9998 -0.0131
1779439395.7056 -19.1441 3.5075 -0.2462 -0.0158 -0.0120 0.9997 -0.0116
1779439395.8036 -19.5057 3.5217 -0.2467 -0.0140 -0.0112 0.9998 -0.0056
1779439395.9053 -19.8790 3.5356 -0.2982 -0.0156 -0.0133 0.9998 -0.0019
1779439396.0053 -20.2482 3.5474 -0.3370 -0.0124 -0.0140 0.9998 -0.0000
1779439396.1041 -20.6212 3.5355 -0.3532 -0.0132 -0.0131 0.9998 -0.0000
1779439396.4025 -21.7577 3.5496 -0.4344 -0.0144 -0.0109 0.9998 -0.0026
1779439396.6022 -22.5048 3.6153 -0.4586 -0.0133 -0.0116 0.9998 0.0006
1779439396.7022 -22.8941 3.6608 -0.4692 -0.0156 -0.0128 0.9998 0.0054
1779439396.8025 -23.2902 3.6420 -0.5417 -0.0115 -0.0151 0.9998 0.0087
1779439396.9025 -23.6929 3.6559 -0.5219 -0.0109 -0.0163 0.9997 0.0117
1779439397.0024 -24.0968 3.6702 -0.5938 -0.0080 -0.0191 0.9997 0.0117
1779439397.2035 -24.9020 3.6976 -0.6401 -0.0083 -0.0192 0.9997 0.0084
1779439397.3024 -25.2781 3.6996 -0.6472 -0.0095 -0.0210 0.9997 0.0035
1779439397.4021 -25.6660 3.7370 -0.6525 -0.0104 -0.0195 0.9998 0.0020
1779439397.5022 -26.0707 3.7361 -0.6885 -0.0108 -0.0196 0.9997 0.0009
1779439397.6023 -26.4645 3.7719 -0.6996 -0.0115 -0.0201 0.9997 0.0005
1779439397.8025 -27.3066 3.7633 -0.7642 -0.0118 -0.0222 0.9997 0.0048
1779439397.9024 -27.6940 3.7872 -0.8001 -0.0141 -0.0246 0.9996 0.0061
1779439398.0021 -28.1339 3.7873 -0.8198 -0.0153 -0.0266 0.9995 0.0067
1779439398.1024 -28.5367 3.8220 -0.8345 -0.0143 -0.0281 0.9995 0.0045
1779439398.2024 -28.9590 3.8107 -0.8472 -0.0102 -0.0266 0.9996 -0.0013
1779439398.3025 -29.3810 3.8069 -0.8783 -0.0104 -0.0267 0.9995 -0.0100
1779439398.4031 -29.8279 3.7731 -0.9007 -0.0104 -0.0204 0.9996 -0.0150
1779439398.5022 -30.2543 3.7532 -0.9248 -0.0121 -0.0189 0.9996 -0.0183
1779439398.6031 -30.6659 3.7829 -0.9536 -0.0102 -0.0147 0.9997 -0.0167
1779439398.8022 -31.4956 3.8207 -1.0027 -0.0115 -0.0134 0.9998 -0.0131
1779439398.9031 -31.9542 3.8187 -1.0247 -0.0096 -0.0125 0.9998 -0.0103
1779439399.0031 -32.3780 3.8429 -1.0482 -0.0084 -0.0131 0.9998 -0.0093
1779439399.1024 -32.8248 3.8392 -1.0723 -0.0074 -0.0130 0.9999 -0.0075
1779439399.2039 -33.2650 3.8385 -1.0957 -0.0074 -0.0140 0.9999 -0.0046
1779439399.4022 -34.1411 3.8667 -1.1397 -0.0061 -0.0183 0.9998 -0.0022
1779439399.6022 -35.0173 3.9050 -1.1863 -0.0065 -0.0212 0.9998 -0.0022
1779439399.7024 -35.4647 3.8826 -1.2024 -0.0065 -0.0226 0.9997 -0.0052
1779439399.8030 -35.9079 3.8964 -1.2140 -0.0051 -0.0223 0.9997 -0.0100
1779439399.9024 -36.3489 3.8868 -1.2353 -0.0044 -0.0210 0.9997 -0.0131
1779439400.0023 -36.7995 3.8953 -1.2506 -0.0041 -0.0177 0.9997 -0.0164
1779439400.1020 -37.2340 3.8817 -1.2704 -0.0035 -0.0139 0.9997 -0.0176
1779439400.2031 -37.6762 3.8839 -1.2834 -0.0045 -0.0104 0.9997 -0.0196
1779439400.3009 -38.1370 3.8781 -1.3099 -0.0025 -0.0059 0.9998 -0.0189
1779439400.4020 -38.5663 3.8768 -1.3152 -0.0029 -0.0011 0.9998 -0.0185
1779439400.5022 -39.0320 3.8465 -1.3275 -0.0001 0.0030 0.9999 -0.0137
1779439400.6008 -39.4815 3.8797 -1.3475 0.0004 0.0044 1.0000 -0.0053
1779439400.7021 -39.9101 3.9443 -1.3813 0.0015 0.0017 1.0000 0.0051
1779439400.8023 -40.3598 3.9866 -1.4023 0.0025 -0.0032 0.9999 0.0150
1779439401.0031 -41.2230 4.1096 -1.4490 0.0009 -0.0184 0.9994 0.0296
1779439401.1023 -41.6370 4.1963 -1.4480 -0.0019 -0.0256 0.9993 0.0283
1779439401.2040 -42.0664 4.2143 -1.4671 -0.0027 -0.0325 0.9992 0.0234
1779439401.3038 -42.5198 4.2360 -1.4973 -0.0012 -0.0361 0.9992 0.0197
1779439401.4034 -42.9598 4.2491 -1.5026 -0.0018 -0.0390 0.9991 0.0163
1779439401.6050 -43.8727 4.2337 -1.5325 -0.0018 -0.0440 0.9990 0.0051
1779439401.7040 -44.3329 4.2075 -1.5640 -0.0001 -0.0440 0.9990 -0.0053
1779439401.8039 -44.7642 4.1972 -1.5446 -0.0019 -0.0400 0.9990 -0.0184
1779439401.9051 -45.2198 4.1544 -1.5775 -0.0000 -0.0327 0.9991 -0.0275
1779439402.0030 -45.6715 4.1105 -1.5866 0.0000 -0.0257 0.9991 -0.0348
1779439402.1039 -46.1016 4.1071 -1.5797 -0.0019 -0.0198 0.9991 -0.0364
1779439402.2032 -46.5409 4.0747 -1.6255 -0.0017 -0.0153 0.9992 -0.0358
1779439402.3038 -46.9971 4.0773 -1.6141 0.0009 -0.0120 0.9993 -0.0344
1779439402.4049 -47.4322 4.0461 -1.6423 -0.0007 -0.0102 0.9995 -0.0289
1779439402.5029 -47.8914 4.0301 -1.6737 0.0008 -0.0101 0.9997 -0.0243
1779439402.6031 -48.3352 4.0415 -1.6734 -0.0006 -0.0117 0.9997 -0.0216
1779439402.7037 -48.7694 4.0444 -1.6902 0.0011 -0.0132 0.9997 -0.0183
1779439402.8031 -49.2211 4.0374 -1.6904 0.0011 -0.0156 0.9998 -0.0143
1779439403.0051 -50.0957 4.0462 -1.7386 -0.0002 -0.0245 0.9997 -0.0078
1779439403.1031 -50.5632 4.0205 -1.7703 -0.0011 -0.0286 0.9996 -0.0066
1779439403.3033 -51.4504 3.9573 -1.7835 0.0013 -0.0314 0.9994 -0.0169
1779439403.4038 -51.8865 3.9217 -1.7937 0.0025 -0.0302 0.9993 -0.0223
1779439403.6029 -52.7925 3.8246 -1.8411 0.0043 -0.0238 0.9992 -0.0324
1779439403.7022 -53.1875 3.8273 -1.8225 0.0059 -0.0174 0.9991 -0.0378
1779439403.8030 -53.6164 3.7950 -1.8705 0.0061 -0.0138 0.9991 -0.0392
1779439404.0029 -54.4735 3.7738 -1.8605 0.0053 -0.0083 0.9995 -0.0315
1779439404.1020 -54.9157 3.7616 -1.8759 0.0059 -0.0069 0.9995 -0.0303
1779439404.2023 -55.3434 3.7562 -1.8857 0.0071 -0.0052 0.9996 -0.0268
1779439404.3018 -55.7641 3.7404 -1.8838 0.0079 -0.0040 0.9997 -0.0242
1779439404.4018 -56.1927 3.7487 -1.9023 0.0074 -0.0035 0.9997 -0.0220
1779439404.5028 -56.6238 3.7326 -1.9179 0.0087 -0.0038 0.9998 -0.0191
1779439404.6018 -57.0444 3.7245 -1.8905 0.0073 -0.0020 0.9999 -0.0154
1779439404.7019 -57.4607 3.7423 -1.9403 0.0078 -0.0029 0.9999 -0.0102
1779439404.8034 -57.8798 3.7475 -1.9607 0.0082 -0.0033 0.9999 -0.0062
1779439404.9029 -58.2922 3.7503 -1.9471 0.0057 -0.0032 1.0000 -0.0019
1779439405.0022 -58.6960 3.7724 -1.9936 0.0060 -0.0040 1.0000 0.0016
1779439405.1018 -59.1149 3.7914 -1.9830 0.0049 -0.0028 1.0000 0.0052
1779439405.2020 -59.5242 3.8060 -1.9991 0.0038 -0.0029 0.9999 0.0100
1779439405.3022 -59.9239 3.8470 -2.0058 0.0043 -0.0025 0.9999 0.0137
1779439405.4019 -60.3246 3.8866 -1.9810 0.0023 -0.0036 0.9998 0.0182
1779439405.5029 -60.7171 3.9672 -2.0813 0.0032 -0.0089 0.9996 0.0266
1779439405.6037 -61.1472 3.9989 -2.0112 0.0007 -0.0143 0.9991 0.0410
1779439405.8037 -61.9742 4.0936 -2.0870 -0.0026 -0.0355 0.9976 0.0594
1779439406.0036 -62.8014 4.1254 -2.1405 -0.0023 -0.0450 0.9982 0.0392
1779439406.1033 -63.2099 4.1342 -2.0835 -0.0013 -0.0411 0.9987 0.0307
1779439406.2022 -63.6217 4.1455 -2.1376 0.0016 -0.0417 0.9989 0.0214
1779439406.3028 -64.0200 4.1665 -2.1236 0.0029 -0.0389 0.9991 0.0175
1779439406.4031 -64.4335 4.1833 -2.1519 0.0040 -0.0406 0.9991 0.0133
1779439406.5029 -64.8378 4.1876 -2.1608 0.0060 -0.0389 0.9992 0.0054
1779439406.6037 -65.2383 4.1924 -2.1901 0.0055 -0.0351 0.9994 -0.0018
1779439406.7037 -65.6229 4.1705 -2.1917 0.0035 -0.0314 0.9994 -0.0125
1779439406.8029 -66.0284 4.1230 -2.1977 0.0022 -0.0245 0.9995 -0.0203
1779439407.0037 -66.8377 4.0991 -2.2023 0.0044 -0.0171 0.9996 -0.0199
1779439407.1037 -67.2039 4.1739 -2.2052 0.0053 -0.0171 0.9998 -0.0132
1779439407.2037 -67.6022 4.1857 -2.2103 0.0066 -0.0198 0.9997 -0.0113
1779439407.3030 -67.9933 4.1755 -2.2376 0.0076 -0.0200 0.9997 -0.0115
