1779438932.0061 0.0000 0.0000 0.0000 0.0000 0.0000 0.0000 1.0000
1779438932.1051 0.1730 0.0263 0.0270 0.0018 -0.0009 0.0145 0.9999
1779438932.2043 0.3186 0.0728 0.0175 0.0029 -0.0035 0.0312 0.9995
1779438932.3051 0.4782 0.0916 0.0038 0.0058 -0.0039 0.0443 0.9990
1779438932.5032 0.7645 0.2010 0.0250 0.0086 -0.0074 0.0734 0.9972
1779438932.6032 0.9047 0.2636 0.0288 0.0099 -0.0111 0.0881 0.9960
1779438932.7041 1.0401 0.3202 0.0333 0.0107 -0.0146 0.1029 0.9945
1779438932.9043 1.2979 0.4497 0.0222 0.0114 -0.0190 0.1314 0.9911
1779438933.0046 1.4153 0.5094 0.0249 0.0120 -0.0192 0.1472 0.9889
1779438933.1044 1.5353 0.5994 0.0283 0.0129 -0.0205 0.1656 0.9859
1779438933.2049 1.6457 0.6777 0.0238 0.0148 -0.0224 0.1852 0.9823
1779438933.3044 1.7391 0.7642 0.0249 0.0179 -0.0219 0.2030 0.9788
1779438933.4045 1.8403 0.8644 0.0209 0.0212 -0.0199 0.2209 0.9749
1779438933.5052 1.9396 0.9535 0.0276 0.0256 -0.0174 0.2379 0.9708
1779438933.6044 2.0401 1.0289 0.0351 0.0282 -0.0155 0.2507 0.9675
1779438933.7060 2.1654 1.1067 -0.0066 0.0294 -0.0158 0.2555 0.9662
1779438933.8061 2.2861 1.1597 -0.0216 0.0268 -0.0129 0.2539 0.9668
1779438933.9051 2.4162 1.1985 0.0099 0.0245 -0.0095 0.2486 0.9682
1779438934.0071 2.5401 1.2741 -0.0088 0.0225 -0.0102 0.2433 0.9696
1779438934.1051 2.6558 1.3227 0.0226 0.0193 -0.0093 0.2416 0.9701
1779438934.2062 2.7922 1.3630 0.0248 0.0180 -0.0102 0.2405 0.9704
1779438934.3059 2.8990 1.4184 0.0156 0.0148 -0.0115 0.2454 0.9692
1779438934.4058 3.0128 1.4948 0.0183 0.0149 -0.0116 0.2470 0.9688
1779438934.5059 3.1302 1.5668 0.0249 0.0135 -0.0123 0.2541 0.9670
1779438934.7049 3.3597 1.7693 0.0427 0.0163 -0.0176 0.2785 0.9601
1779438934.8059 3.4506 1.8880 0.0311 0.0173 -0.0182 0.2940 0.9555
1779438934.9060 3.5577 2.0064 0.0097 0.0213 -0.0167 0.3047 0.9520
1779438935.0049 3.6804 2.1053 0.0258 0.0237 -0.0156 0.3158 0.9484
1779438935.1059 3.8097 2.2189 0.0485 0.0255 -0.0181 0.3246 0.9453
1779438935.2051 3.9381 2.3344 0.0254 0.0294 -0.0176 0.3260 0.9447
1779438935.3059 4.0823 2.4249 0.0409 0.0308 -0.0173 0.3299 0.9434
1779438935.4062 4.2220 2.5193 0.0401 0.0319 -0.0168 0.3341 0.9419
1779438935.5060 4.3617 2.6344 0.0667 0.0289 -0.0177 0.3352 0.9415
1779438935.6050 4.4816 2.7507 0.0565 0.0223 -0.0203 0.3361 0.9413
1779438935.7058 4.5948 2.8709 0.0400 0.0158 -0.0189 0.3318 0.9430
1779438935.8044 4.7418 2.9593 0.0339 0.0108 -0.0196 0.3318 0.9431
1779438935.9050 4.8583 3.0869 0.0510 0.0074 -0.0201 0.3421 0.9394
1779438936.0062 4.9435 3.2628 0.0086 0.0091 -0.0198 0.3571 0.9338
1779438936.1104 5.0314 3.4184 0.0436 0.0094 -0.0190 0.3813 0.9242
1779438936.2093 5.1076 3.5619 0.0473 0.0125 -0.0187 0.4071 0.9131
1779438936.3095 5.1975 3.7499 0.0216 0.0176 -0.0184 0.4278 0.9035
1779438936.4094 5.2755 3.9187 0.0534 0.0196 -0.0158 0.4474 0.8940
1779438936.5101 5.3539 4.0498 0.0213 0.0233 -0.0122 0.4594 0.8878
1779438936.6094 5.4332 4.2081 0.0301 0.0246 -0.0093 0.4696 0.8825
1779438936.7099 5.5208 4.3741 0.0162 0.0237 -0.0043 0.4745 0.8799
1779438936.8092 5.6381 4.4961 0.0419 0.0230 -0.0002 0.4745 0.8799
1779438936.9080 5.7457 4.6475 0.0519 0.0207 -0.0009 0.4754 0.8795
1779438937.1092 5.9810 4.9605 0.0518 0.0218 -0.0036 0.4699 0.8824
1779438937.2095 6.0858 5.1336 0.0821 0.0235 -0.0041 0.4731 0.8807
1779438937.3092 6.1911 5.3229 0.0953 0.0301 -0.0085 0.4759 0.8790
1779438937.4090 6.3022 5.4825 0.0534 0.0330 -0.0094 0.4839 0.8744
1779438937.5094 6.4126 5.6746 0.0222 0.0356 -0.0071 0.4863 0.8731
1779438937.6090 6.5355 5.8501 0.0350 0.0337 -0.0032 0.4875 0.8725
1779438937.7079 6.6476 6.0231 0.0333 0.0337 -0.0012 0.4844 0.8742
1779438937.9091 6.9015 6.3771 -0.0625 0.0281 0.0058 0.4790 0.8773
1779438938.1094 7.1841 6.6872 0.0920 0.0080 0.0357 0.4716 0.8810
1779438938.2096 7.2876 6.9015 -0.0685 0.0182 0.0152 0.4673 0.8838
1779438938.3096 7.4124 7.1397 0.1153 0.0221 0.0054 0.4678 0.8836
1779438938.4093 7.5366 7.2898 0.1646 0.0215 0.0006 0.4723 0.8812
1779438938.5092 7.6727 7.5411 0.0869 0.0412 -0.0346 0.4699 0.8811
1779438938.6107 7.8054 7.7011 0.0846 0.0331 -0.0246 0.4714 0.8810
1779438938.7091 7.9375 7.8801 -0.0340 0.0312 -0.0243 0.4732 0.8801
1779438938.9108 8.1623 8.2516 0.0709 0.0260 -0.0179 0.4806 0.8763
1779438939.0089 8.2676 8.4455 0.0582 0.0300 -0.0205 0.4907 0.8705
1779438939.1096 8.3506 8.6318 0.0820 0.0321 -0.0193 0.4985 0.8661
1779438939.2078 8.4482 8.8192 0.0992 0.0327 -0.0204 0.5043 0.8626
1779438939.3079 8.5349 9.0087 0.0965 0.0325 -0.0223 0.5072 0.8609
1779438939.4091 8.6487 9.2186 0.1103 0.0315 -0.0241 0.5091 0.8598
1779438939.5076 8.7509 9.4189 0.1077 0.0287 -0.0250 0.5147 0.8565
1779438939.6071 8.8455 9.6435 0.1245 0.0288 -0.0252 0.5206 0.8529
1779438939.7078 8.9428 9.8734 0.1292 0.0291 -0.0259 0.5303 0.8469
1779438939.8068 9.0250 10.0985 0.1328 0.0306 -0.0249 0.5378 0.8422
1779438939.9070 9.1118 10.3272 0.1339 0.0332 -0.0237 0.5416 0.8396
1779438940.0078 9.2266 10.5546 0.1835 0.0353 -0.0237 0.5410 0.8400
1779438940.1071 9.3433 10.7736 0.1850 0.0379 -0.0243 0.5401 0.8404
1779438940.2072 9.4589 10.9961 0.1888 0.0388 -0.0243 0.5403 0.8402
1779438940.3069 9.5597 11.2152 0.1945 0.0391 -0.0230 0.5391 0.8410
1779438940.4076 9.6695 11.4612 0.1892 0.0394 -0.0216 0.5388 0.8412
1779438940.5076 9.7847 11.7003 0.2051 0.0395 -0.0179 0.5389 0.8412
1779438940.6078 9.9241 11.9280 0.1942 0.0382 -0.0150 0.5397 0.8409
1779438940.7078 10.0338 12.1844 0.2008 0.0357 -0.0132 0.5396 0.8411
1779438940.8076 10.1618 12.4345 0.2307 0.0324 -0.0147 0.5403 0.8407
1779438940.9071 10.2796 12.6926 0.2357 0.0290 -0.0178 0.5410 0.8403
1779438941.0068 10.3896 12.9630 0.2435 0.0242 -0.0222 0.5429 0.8392
1779438941.1060 10.4964 13.2239 0.2532 0.0181 -0.0267 0.5473 0.8363
1779438941.2068 10.5992 13.5013 0.2478 0.0134 -0.0303 0.5527 0.8327
1779438941.3056 10.6775 13.8031 0.2606 0.0083 -0.0336 0.5600 0.8278
1779438941.4059 10.7597 14.1017 0.2596 0.0040 -0.0357 0.5685 0.8219
1779438941.5068 10.8558 14.4126 0.2972 0.0024 -0.0371 0.5788 0.8147
1779438941.6056 10.9033 14.7362 0.3047 0.0032 -0.0393 0.5941 0.8034
1779438941.7060 10.9306 15.0229 0.3323 0.0081 -0.0403 0.6127 0.7892
1779438941.8059 10.9581 15.3257 0.3322 0.0152 -0.0389 0.6297 0.7757
1779438941.9057 10.9745 15.5891 0.3501 0.0220 -0.0356 0.6446 0.7634
1779438942.0068 11.0179 15.8752 0.3526 0.0285 -0.0297 0.6537 0.7556
1779438942.1067 11.0525 16.1643 0.3612 0.0340 -0.0212 0.6595 0.7506
1779438942.2067 11.0753 16.4679 0.3885 0.0385 -0.0163 0.6657 0.7451
1779438942.3076 11.1265 16.7853 0.4030 0.0406 -0.0147 0.6660 0.7447
1779438942.4060 11.1890 17.0915 0.4436 0.0404 -0.0155 0.6617 0.7485
1779438942.5066 11.2330 17.3961 0.4457 0.0392 -0.0203 0.6567 0.7528
1779438942.7057 11.3319 18.0322 0.4643 0.0374 -0.0268 0.6567 0.7528
1779438942.8060 11.3618 18.3720 0.4964 0.0393 -0.0291 0.6610 0.7488
1779438942.9069 11.3886 18.6910 0.5099 0.0401 -0.0278 0.6648 0.7454
1779438943.0057 11.4257 19.0063 0.5133 0.0419 -0.0267 0.6683 0.7422
1779438943.1059 11.4680 19.3308 0.5247 0.0437 -0.0248 0.6722 0.7387
1779438943.3068 11.5170 19.9496 0.5727 0.0503 -0.0157 0.6756 0.7354
1779438943.4075 11.5731 20.2748 0.5875 0.0545 -0.0082 0.6734 0.7372
1779438943.5067 11.6127 20.5903 0.5963 0.0578 -0.0032 0.6710 0.7392
1779438943.6076 11.6648 20.9219 0.6150 0.0602 -0.0015 0.6698 0.7401
1779438943.7069 11.7131 21.2842 0.6504 0.0625 -0.0017 0.6662 0.7432
1779438943.8058 11.8070 21.6006 0.6678 0.0606 -0.0038 0.6587 0.7499
1779438943.9059 11.9084 21.9250 0.6602 0.0563 -0.0075 0.6465 0.7608
1779438944.0068 11.9909 22.2442 0.6518 0.0484 -0.0127 0.6349 0.7710
1779438944.1059 12.0417 22.5703 0.6618 0.0407 -0.0173 0.6262 0.7784
1779438944.2060 12.1456 22.9099 0.6719 0.0332 -0.0209 0.6251 0.7795
1779438944.3055 12.2081 23.2515 0.6987 0.0284 -0.0238 0.6288 0.7767
1779438944.4058 12.2698 23.6083 0.7120 0.0278 -0.0266 0.6330 0.7732
1779438944.5058 12.3313 23.9511 0.7282 0.0274 -0.0289 0.6384 0.7687
1779438944.6057 12.3870 24.2665 0.7351 0.0286 -0.0282 0.6429 0.7649
1779438944.7058 12.4458 24.6211 0.7617 0.0300 -0.0283 0.6464 0.7619
1779438944.9070 12.5134 25.3314 0.7795 0.0286 -0.0305 0.6582 0.7517
1779438945.0066 12.5361 25.7069 0.8118 0.0266 -0.0335 0.6678 0.7431
1779438945.1057 12.5475 26.0492 0.8257 0.0288 -0.0340 0.6759 0.7357
1779438945.3054 12.5682 26.7559 0.8625 0.0297 -0.0354 0.6889 0.7234
1779438945.4058 12.5730 27.1105 0.8814 0.0300 -0.0343 0.6923 0.7201
1779438945.5067 12.5866 27.4775 0.8948 0.0294 -0.0338 0.6951 0.7175
1779438945.6056 12.5928 27.8413 0.9366 0.0311 -0.0342 0.6997 0.7130
1779438945.7057 12.5987 28.2031 0.9631 0.0361 -0.0303 0.7047 0.7080
1779438945.8065 12.5885 28.5705 0.9860 0.0433 -0.0257 0.7105 0.7019
1779438945.9076 12.5476 28.9169 1.0187 0.0508 -0.0173 0.7149 0.6971
1779438946.0068 12.5690 29.2742 1.0191 0.0566 -0.0111 0.7174 0.6943
1779438946.1046 12.5548 29.6269 1.0534 0.0587 -0.0080 0.7160 0.6956
1779438946.2055 12.5633 29.9891 1.0695 0.0600 -0.0074 0.7113 0.7003
1779438946.3065 12.5936 30.3592 1.0762 0.0603 -0.0085 0.7055 0.7061
1779438946.4056 12.6175 30.6994 1.0933 0.0594 -0.0083 0.6986 0.7130
1779438946.5056 12.6651 31.0741 1.1161 0.0564 -0.0107 0.6927 0.7189
1779438946.6067 12.7134 31.4553 1.1249 0.0528 -0.0129 0.6875 0.7242
1779438946.7056 12.7628 31.8264 1.1462 0.0489 -0.0160 0.6833 0.7283
1779438946.8068 12.8203 32.1962 1.1634 0.0454 -0.0181 0.6810 0.7307
1779438946.9068 12.8723 32.5794 1.1951 0.0447 -0.0192 0.6798 0.7317
1779438947.0057 12.9031 32.9401 1.2111 0.0452 -0.0195 0.6819 0.7298
1779438947.1065 12.9094 33.2889 1.2330 0.0478 -0.0173 0.6837 0.7280
1779438947.2055 12.9342 33.6553 1.2537 0.0502 -0.0146 0.6850 0.7267
1779438947.3057 12.9647 34.0441 1.2655 0.0522 -0.0126 0.6878 0.7239
1779438947.4066 12.9942 34.4102 1.2873 0.0532 -0.0117 0.6896 0.7221
1779438947.5065 13.0022 34.7546 1.3118 0.0522 -0.0131 0.6885 0.7232
1779438947.6067 13.0354 35.1104 1.3192 0.0490 -0.0152 0.6832 0.7284
1779438947.7067 13.0737 35.4674 1.3488 0.0452 -0.0189 0.6767 0.7346
1779438947.8055 13.1318 35.8576 1.3802 0.0404 -0.0255 0.6748 0.7364
1779438947.9066 13.1383 36.2375 1.4004 0.0416 -0.0265 0.6755 0.7357
1779438948.0075 13.1594 36.5980 1.3939 0.0394 -0.0239 0.6815 0.7303
1779438948.1068 13.1696 36.9733 1.3630 0.0465 -0.0238 0.6873 0.7245
1779438948.2068 13.2058 37.3494 1.4699 0.0480 -0.0180 0.6910 0.7211
1779438948.3066 13.2284 37.7046 1.4856 0.0502 -0.0136 0.6928 0.7192
1779438948.5102 13.3117 38.4528 1.4868 0.0543 -0.0065 0.6892 0.7225
1779438948.6067 13.3333 38.8284 1.5139 0.0576 -0.0036 0.6885 0.7229
1779438948.7074 13.3914 39.2031 1.5416 0.0603 -0.0036 0.6861 0.7250
1779438948.8074 13.4541 39.5700 1.5644 0.0567 -0.0063 0.6807 0.7304
1779438948.9069 13.4961 39.9404 1.5665 0.0545 -0.0081 0.6715 0.7389
1779438949.1068 13.6232 40.6884 1.6032 0.0456 -0.0127 0.6571 0.7523
1779438949.2073 13.6625 41.0626 1.6229 0.0442 -0.0145 0.6516 0.7571
1779438949.3075 13.6959 41.4355 1.6425 0.0430 -0.0164 0.6519 0.7569
1779438949.4073 13.7526 41.8115 1.6699 0.0427 -0.0166 0.6532 0.7558
1779438949.5072 13.7819 42.1890 1.6628 0.0440 -0.0155 0.6563 0.7531
1779438949.6092 13.8467 42.5803 1.6942 0.0475 -0.0122 0.6614 0.7484
1779438949.7074 13.8911 42.9491 1.7115 0.0482 -0.0111 0.6650 0.7452
1779438949.8086 13.9575 43.3567 1.7324 0.0480 -0.0125 0.6664 0.7439
1779438949.9093 14.0583 43.7485 1.7471 0.0453 -0.0147 0.6619 0.7481
1779438950.0084 14.0957 44.1294 1.7509 0.0407 -0.0187 0.6567 0.7528
1779438950.1065 14.1656 44.5007 1.7721 0.0357 -0.0223 0.6541 0.7552
1779438950.2067 14.1936 44.8782 1.8117 0.0301 -0.0244 0.6533 0.7561
1779438950.3067 14.2314 45.2856 1.8153 0.0282 -0.0285 0.6560 0.7537
1779438950.4064 14.2539 45.6930 1.8506 0.0305 -0.0294 0.6602 0.7499
1779438950.5065 14.2880 46.0943 1.8549 0.0314 -0.0304 0.6679 0.7430
1779438950.6067 14.3438 46.4747 1.8868 0.0372 -0.0250 0.6758 0.7358
1779438950.7056 14.3550 46.8768 1.9095 0.0403 -0.0203 0.6811 0.7308
1779438951.0055 14.5142 48.0977 1.9665 0.0416 -0.0189 0.6848 0.7273
1779438951.1066 14.5409 48.4777 1.9930 0.0401 -0.0201 0.6822 0.7298
1779438951.2055 14.5844 48.8813 1.9892 0.0367 -0.0228 0.6797 0.7322
1779438951.3063 14.6134 49.2923 2.0080 0.0353 -0.0242 0.6786 0.7333
1779438951.5066 14.6439 50.0802 2.0573 0.0388 -0.0226 0.6871 0.7252
1779438951.6072 14.6758 50.5040 2.0847 0.0466 -0.0169 0.6913 0.7208
1779438951.8083 14.7307 51.3126 2.1269 0.0553 -0.0081 0.6910 0.7207
1779438951.9084 14.7788 51.6903 2.1485 0.0558 -0.0061 0.6868 0.7246
1779438952.0086 14.8192 52.1398 2.1577 0.0532 -0.0102 0.6833 0.7281
1779438952.1066 14.8881 52.5464 2.1832 0.0514 -0.0108 0.6771 0.7341
1779438952.2073 14.9277 52.9022 2.1796 0.0459 -0.0147 0.6732 0.7379
1779438952.3064 14.9608 53.2932 2.1997 0.0422 -0.0179 0.6727 0.7385
1779438952.4083 15.0033 53.7102 2.2312 0.0380 -0.0195 0.6712 0.7401
1779438952.5116 15.0100 54.0971 2.2511 0.0370 -0.0216 0.6720 0.7393
1779438952.6065 15.0322 54.5041 2.2835 0.0392 -0.0209 0.6754 0.7361
1779438952.7071 15.0673 54.9055 2.3057 0.0430 -0.0190 0.6812 0.7305
1779438952.8072 15.0891 55.3163 2.3157 0.0512 -0.0139 0.6857 0.7260
1779438953.0066 15.1742 56.1330 2.3554 0.0568 -0.0062 0.6908 0.7208
1779438953.1064 15.2061 56.5566 2.3882 0.0591 -0.0029 0.6853 0.7259
1779438953.3071 15.3241 57.3461 2.4157 0.0525 -0.0094 0.6721 0.7385
1779438953.4067 15.3461 57.7166 2.4166 0.0470 -0.0131 0.6667 0.7437
1779438953.5102 15.4077 58.1347 2.4366 0.0434 -0.0156 0.6646 0.7458
1779438953.6087 15.4664 58.5364 2.4570 0.0425 -0.0151 0.6620 0.7481
1779438953.7072 15.5122 58.9367 2.4754 0.0416 -0.0165 0.6633 0.7470
1779438953.8072 15.5490 59.3460 2.5024 0.0449 -0.0141 0.6649 0.7455
1779438953.9086 15.5840 59.7434 2.5113 0.0456 -0.0122 0.6644 0.7459
1779438954.0072 15.6392 60.1244 2.5206 0.0465 -0.0121 0.6661 0.7444
1779438954.2065 15.7237 60.9355 2.5583 0.0436 -0.0142 0.6660 0.7446
1779438954.3066 15.7913 61.3314 2.5793 0.0402 -0.0175 0.6639 0.7465
1779438954.4082 15.8416 61.7441 2.5927 0.0351 -0.0219 0.6610 0.7493
1779438954.5066 15.8922 62.1533 2.6029 0.0289 -0.0263 0.6594 0.7508
1779438954.6083 15.9545 62.5541 2.6213 0.0252 -0.0290 0.6588 0.7513
1779438954.7065 16.0297 62.9665 2.6295 0.0202 -0.0325 0.6620 0.7485
1779438954.8065 16.0264 63.3804 2.6591 0.0217 -0.0341 0.6665 0.7444
1779438954.9065 16.0351 63.7813 2.6811 0.0233 -0.0318 0.6764 0.7355
1779438955.0082 16.0412 64.2180 2.7091 0.0311 -0.0280 0.6889 0.7236
1779438955.1064 16.0328 64.6124 2.7353 0.0387 -0.0205 0.6973 0.7154
1779438955.2061 16.0449 65.0205 2.7583 0.0420 -0.0177 0.7045 0.7082
1779438955.4071 16.1221 65.8696 2.7914 0.0425 -0.0189 0.6955 0.7170
1779438955.6063 16.1454 66.6974 2.8229 0.0370 -0.0224 0.6885 0.7239
1779438955.7082 16.1477 67.1134 2.8617 0.0350 -0.0234 0.6893 0.7233
1779438955.8065 16.1701 67.5388 2.9028 0.0403 -0.0230 0.6910 0.7214
1779438955.9071 16.1444 67.9595 2.9252 0.0457 -0.0220 0.6944 0.7178
1779438956.0070 16.1909 68.3587 2.9341 0.0510 -0.0180 0.7006 0.7115
1779438956.1065 16.2123 68.7552 2.9372 0.0539 -0.0093 0.7043 0.7078
1779438956.2064 16.2437 69.1496 2.9539 0.0569 -0.0054 0.7071 0.7048
1779438956.3052 16.2989 69.5765 2.9917 0.0570 -0.0008 0.7044 0.7075
1779438956.4064 16.3035 69.9810 2.9852 0.0582 0.0001 0.6973 0.7144
1779438956.6063 16.3919 70.8163 3.0343 0.0564 -0.0020 0.6857 0.7257
1779438956.7064 16.4322 71.2275 3.0589 0.0527 -0.0052 0.6789 0.7323
1779438956.9065 16.5093 72.0415 3.1086 0.0480 -0.0083 0.6680 0.7426
1779438957.0070 16.5662 72.4322 3.1319 0.0483 -0.0089 0.6675 0.7430
1779438957.1065 16.6191 72.8384 3.1297 0.0503 -0.0075 0.6656 0.7445
1779438957.3082 16.7061 73.6860 3.1682 0.0486 -0.0082 0.6662 0.7441
1779438957.4063 16.7536 74.0951 3.1867 0.0461 -0.0100 0.6667 0.7439
1779438957.5065 16.8020 74.5062 3.2021 0.0463 -0.0115 0.6670 0.7435
1779438957.6063 16.8502 74.9298 3.2139 0.0444 -0.0129 0.6657 0.7448
1779438957.7061 16.9156 75.3175 3.2249 0.0425 -0.0133 0.6649 0.7456
1779438957.8064 16.9746 75.7251 3.2448 0.0421 -0.0135 0.6632 0.7471
1779438957.9081 17.0397 76.1705 3.2671 0.0409 -0.0146 0.6616 0.7486
1779438958.0063 17.0951 76.5843 3.2896 0.0405 -0.0152 0.6584 0.7514
1779438958.1082 17.1620 76.9642 3.2936 0.0397 -0.0156 0.6557 0.7538
1779438958.2063 17.2543 77.3648 3.2915 0.0380 -0.0164 0.6535 0.7558
1779438958.3083 17.3005 77.7633 3.3061 0.0331 -0.0188 0.6508 0.7583
1779438958.4085 17.3457 78.1800 3.3395 0.0288 -0.0222 0.6506 0.7585
1779438958.6071 17.4146 79.0317 3.3550 0.0221 -0.0294 0.6590 0.7513
1779438958.8081 17.4368 79.8678 3.3944 0.0187 -0.0332 0.6722 0.7394
1779438958.9069 17.4364 80.2733 3.4256 0.0195 -0.0333 0.6836 0.7289
1779438959.0064 17.4594 80.6937 3.4423 0.0256 -0.0305 0.6919 0.7209
1779438959.1061 17.4545 81.0915 3.4712 0.0303 -0.0263 0.6991 0.7139
1779438959.2051 17.5163 81.4768 3.4843 0.0355 -0.0212 0.7026 0.7104
1779438959.3060 17.5418 81.8892 3.4950 0.0414 -0.0165 0.7016 0.7112
1779438959.4069 17.5453 82.3038 3.5277 0.0423 -0.0138 0.7030 0.7098
1779438959.5068 17.5759 82.7286 3.5484 0.0454 -0.0124 0.7044 0.7083
1779438959.6083 17.5809 83.1533 3.5606 0.0460 -0.0123 0.7033 0.7093
1779438959.7081 17.6152 83.5593 3.5691 0.0428 -0.0151 0.7012 0.7115
1779438959.8063 17.6131 83.9659 3.5933 0.0417 -0.0165 0.6985 0.7142
1779438959.9080 17.6294 84.3726 3.6033 0.0396 -0.0174 0.6972 0.7155
1779438960.0085 17.6530 84.7870 3.6413 0.0427 -0.0151 0.6957 0.7169
1779438960.1069 17.6507 85.2033 3.6512 0.0451 -0.0129 0.6961 0.7165
1779438960.2081 17.6921 85.6194 3.6676 0.0493 -0.0096 0.6984 0.7139
1779438960.3063 17.7180 86.0157 3.6896 0.0549 -0.0044 0.6989 0.7131
1779438960.4069 17.7315 86.4299 3.7086 0.0571 -0.0011 0.6980 0.7138
1779438960.5070 17.7807 86.8510 3.7237 0.0567 -0.0017 0.6937 0.7181
1779438960.6062 17.8148 87.2607 3.7445 0.0545 -0.0036 0.6880 0.7236
1779438960.8083 17.8679 88.0877 3.7616 0.0425 -0.0141 0.6789 0.7328
1779438960.9069 17.9053 88.5027 3.7803 0.0369 -0.0175 0.6755 0.7362
1779438961.0080 17.9371 88.9117 3.7953 0.0355 -0.0192 0.6741 0.7375
1779438961.1062 17.9618 89.3358 3.8112 0.0335 -0.0211 0.6761 0.7357
1779438961.2062 17.9997 89.7532 3.8379 0.0345 -0.0211 0.6792 0.7328
1779438961.3081 18.0212 90.1578 3.8628 0.0390 -0.0193 0.6839 0.7283
1779438961.5063 18.0796 90.9860 3.8876 0.0503 -0.0098 0.6908 0.7212
1779438961.6069 18.1295 91.3816 3.9085 0.0518 -0.0073 0.6930 0.7191
1779438961.7067 18.1538 91.7877 3.9265 0.0530 -0.0055 0.6916 0.7204
1779438961.8069 18.1888 92.1937 3.9520 0.0518 -0.0069 0.6889 0.7230
1779438961.9105 18.2542 92.5966 3.9731 0.0491 -0.0071 0.6827 0.7290
1779438962.0068 18.2815 92.9916 3.9596 0.0448 -0.0117 0.6750 0.7364
1779438962.1069 18.3399 93.4145 4.0006 0.0409 -0.0126 0.6711 0.7401
1779438962.3080 18.4093 94.2455 4.0344 0.0399 -0.0148 0.6730 0.7384
1779438962.4080 18.4499 94.6555 4.0469 0.0427 -0.0113 0.6772 0.7344
1779438962.5062 18.5189 95.0489 4.0402 0.0467 -0.0092 0.6792 0.7324
1779438962.6068 18.5466 95.4679 4.0600 0.0469 -0.0076 0.6805 0.7312
1779438962.7081 18.5697 95.8997 4.0796 0.0470 -0.0060 0.6797 0.7320
1779438962.9067 18.6474 96.7255 4.1220 0.0459 -0.0071 0.6763 0.7352
1779438963.0079 18.7134 97.1283 4.1324 0.0438 -0.0099 0.6715 0.7397
1779438963.1062 18.7783 97.5352 4.1494 0.0391 -0.0127 0.6684 0.7427
1779438963.2079 18.8167 97.9472 4.1551 0.0362 -0.0147 0.6651 0.7457
1779438963.3053 18.8741 98.3490 4.1710 0.0359 -0.0176 0.6666 0.7443
1779438963.4068 18.9027 98.7457 4.2002 0.0354 -0.0167 0.6713 0.7402
1779438963.5080 18.9306 99.1357 4.2013 0.0415 -0.0137 0.6749 0.7366
1779438963.6068 18.9645 99.5489 4.2444 0.0466 -0.0083 0.6786 0.7330
1779438963.7080 19.0302 99.9562 4.2306 0.0505 -0.0034 0.6821 0.7295
1779438963.8068 19.1029 100.3842 4.2510 0.0529 -0.0018 0.6802 0.7311
1779438963.9080 19.1664 100.7982 4.2765 0.0525 -0.0010 0.6729 0.7378
1779438964.0082 19.2267 101.2238 4.2772 0.0507 -0.0049 0.6652 0.7449
1779438964.2068 19.3550 102.0263 4.2955 0.0381 -0.0129 0.6542 0.7553
1779438964.3058 19.4291 102.4364 4.3051 0.0323 -0.0168 0.6509 0.7583
1779438964.4061 19.4618 102.8662 4.3351 0.0284 -0.0191 0.6500 0.7592
1779438964.5060 19.5043 103.2818 4.3459 0.0251 -0.0221 0.6538 0.7559
1779438964.6058 19.5307 103.7220 4.3731 0.0268 -0.0230 0.6602 0.7502
1779438964.7059 19.5683 104.1363 4.4082 0.0292 -0.0215 0.6705 0.7411
1779438964.8079 19.6169 104.5295 4.3922 0.0379 -0.0162 0.6786 0.7333
1779438964.9058 19.6552 104.9421 4.4313 0.0457 -0.0094 0.6845 0.7275
1779438965.0061 19.7417 105.3742 4.4247 0.0494 -0.0054 0.6847 0.7272
1779438965.1050 19.7999 105.7828 4.4388 0.0513 -0.0035 0.6782 0.7331
1779438965.2060 19.8669 106.2022 4.4586 0.0480 -0.0058 0.6730 0.7380
1779438965.3068 19.9304 106.6026 4.4504 0.0457 -0.0074 0.6657 0.7447
1779438965.5067 20.0569 107.4512 4.4720 0.0401 -0.0119 0.6612 0.7490
1779438965.6081 20.1124 107.8666 4.5051 0.0373 -0.0120 0.6594 0.7507
1779438965.8067 20.2335 108.7200 4.5304 0.0353 -0.0142 0.6580 0.7520
1779438966.0065 20.3389 109.5441 4.5555 0.0372 -0.0129 0.6590 0.7511
1779438966.1078 20.4000 109.9656 4.5393 0.0378 -0.0128 0.6619 0.7486
1779438966.2065 20.4510 110.3848 4.5556 0.0378 -0.0130 0.6650 0.7458
1779438966.3079 20.5091 110.8230 4.5929 0.0364 -0.0133 0.6679 0.7432
1779438966.4079 20.5385 111.2458 4.6056 0.0365 -0.0145 0.6705 0.7408
1779438966.5078 20.5834 111.6636 4.6016 0.0367 -0.0163 0.6721 0.7394
1779438966.6068 20.6390 112.0983 4.6481 0.0329 -0.0185 0.6733 0.7384
1779438966.7083 20.6971 112.5345 4.6299 0.0322 -0.0203 0.6728 0.7389
1779438966.8065 20.7358 112.9455 4.6444 0.0305 -0.0214 0.6709 0.7406
1779438966.9079 20.7866 113.3735 4.6820 0.0284 -0.0225 0.6706 0.7409
1779438967.0083 20.8245 113.8043 4.6872 0.0270 -0.0242 0.6703 0.7412
1779438967.1083 20.8546 114.2274 4.6834 0.0273 -0.0253 0.6738 0.7380
1779438967.2081 20.8789 114.6437 4.7356 0.0289 -0.0236 0.6776 0.7345
1779438967.3067 20.9144 115.0617 4.7243 0.0311 -0.0218 0.6812 0.7311
1779438967.5079 20.9388 115.9415 4.7976 0.0321 -0.0211 0.6906 0.7222
1779438967.6059 20.9510 116.3568 4.8037 0.0328 -0.0222 0.6950 0.7180
1779438967.8064 20.9404 117.2293 4.8476 0.0361 -0.0208 0.7022 0.7108
1779438967.9058 20.9472 117.6409 4.8378 0.0380 -0.0204 0.7057 0.7072
1779438968.0065 20.9527 118.0645 4.8703 0.0393 -0.0182 0.7086 0.7043
1779438968.1059 20.9832 118.4897 4.8843 0.0421 -0.0143 0.7080 0.7048
1779438968.2067 20.9990 118.9175 4.8948 0.0467 -0.0116 0.7053 0.7072
1779438968.3056 21.0155 119.3364 4.9240 0.0513 -0.0084 0.7052 0.7071
1779438968.4058 21.0515 119.7541 4.9267 0.0561 -0.0035 0.7032 0.7088
1779438968.6056 21.1234 120.6040 4.9867 0.0612 0.0046 0.6973 0.7142
1779438968.7059 21.1509 121.0388 5.0000 0.0641 0.0041 0.6920 0.7190
1779438968.8077 21.2049 121.4681 4.9981 0.0633 0.0028 0.6876 0.7234
1779438968.9066 21.2577 121.8828 5.0040 0.0623 0.0019 0.6806 0.7300
1779438969.0078 21.3133 122.2674 5.0620 0.0567 0.0015 0.6746 0.7360
1779438969.1067 21.3968 122.6714 5.0287 0.0538 -0.0022 0.6684 0.7419
1779438969.2076 21.4462 123.0888 5.0340 0.0497 -0.0048 0.6607 0.7490
1779438969.4059 21.5947 123.9164 5.0669 0.0387 -0.0095 0.6499 0.7590
1779438969.5098 21.6293 124.3350 5.0883 0.0363 -0.0143 0.6501 0.7588
1779438969.6078 21.7102 124.7477 5.1030 0.0362 -0.0153 0.6523 0.7570
1779438969.7065 21.7554 125.1505 5.1086 0.0388 -0.0125 0.6537 0.7556
1779438969.9080 21.8651 126.0039 5.1369 0.0421 -0.0110 0.6623 0.7480
1779438970.0066 21.9188 126.4115 5.1544 0.0397 -0.0128 0.6650 0.7457
1779438970.1080 22.0095 126.7968 5.1659 0.0371 -0.0153 0.6633 0.7473
1779438970.3058 22.1249 127.6358 5.1746 0.0241 -0.0254 0.6534 0.7562
1779438970.5055 22.1452 128.5103 5.2132 0.0171 -0.0314 0.6601 0.7503
1779438970.6058 22.1980 128.9149 5.2605 0.0193 -0.0318 0.6710 0.7405
1779438970.7065 22.1812 129.3330 5.2752 0.0257 -0.0286 0.6824 0.7300
1779438970.8055 22.2234 129.7423 5.3013 0.0317 -0.0257 0.6935 0.7193
1779438970.9063 22.2631 130.1190 5.3041 0.0383 -0.0196 0.6955 0.7172
1779438971.0063 22.2900 130.5362 5.3070 0.0422 -0.0171 0.6975 0.7151
1779438971.1059 22.3422 130.9637 5.3415 0.0447 -0.0130 0.6958 0.7167
1779438971.2076 22.3576 131.3738 5.3439 0.0455 -0.0126 0.6929 0.7195
1779438971.3059 22.3915 131.7681 5.3695 0.0458 -0.0127 0.6923 0.7200
1779438971.4066 22.4104 132.1809 5.3801 0.0459 -0.0129 0.6900 0.7222
1779438971.6058 22.4660 132.9978 5.4199 0.0450 -0.0134 0.6877 0.7245
1779438971.7077 22.4907 133.4093 5.4320 0.0437 -0.0126 0.6863 0.7259
1779438971.8077 22.5334 133.8241 5.4648 0.0441 -0.0124 0.6855 0.7266
1779438971.9065 22.5596 134.2297 5.4793 0.0446 -0.0126 0.6846 0.7275
1779438972.1073 22.6457 135.0493 5.5070 0.0467 -0.0099 0.6820 0.7298
1779438972.2078 22.6898 135.4639 5.5113 0.0473 -0.0090 0.6796 0.7320
1779438972.3081 22.7385 135.8648 5.5495 0.0470 -0.0092 0.6775 0.7340
1779438972.4064 22.7698 136.2661 5.5591 0.0468 -0.0102 0.6762 0.7352
1779438972.5063 22.8030 136.6874 5.5462 0.0485 -0.0155 0.6759 0.7352
1779438972.6057 22.8470 137.0765 5.6171 0.0433 -0.0101 0.6753 0.7362
1779438972.7064 22.8680 137.4834 5.5425 0.0418 -0.0136 0.6744 0.7370
1779438972.8076 22.9250 137.8949 5.6264 0.0375 -0.0126 0.6754 0.7364
1779438972.9077 22.9613 138.2867 5.5798 0.0351 -0.0156 0.6750 0.7368
1779438973.0057 22.9762 138.6939 5.5952 0.0319 -0.0187 0.6749 0.7369
1779438973.1054 23.0227 139.1064 5.6450 0.0287 -0.0199 0.6753 0.7367
1779438973.2054 23.0524 139.5115 5.6618 0.0274 -0.0237 0.6793 0.7330
1779438973.3063 23.0589 139.9429 5.6774 0.0310 -0.0243 0.6850 0.7275
1779438973.4046 23.0712 140.3556 5.6975 0.0357 -0.0211 0.6933 0.7195
1779438973.5046 23.0738 140.7279 5.7100 0.0409 -0.0154 0.7008 0.7120
1779438973.6065 23.1151 141.1511 5.7211 0.0485 -0.0092 0.7044 0.7081
1779438973.7057 23.1255 141.5593 5.7440 0.0506 -0.0059 0.7061 0.7063
1779438973.8063 23.1670 141.9801 5.7399 0.0539 -0.0030 0.7022 0.7099
1779438973.9057 23.1853 142.3905 5.7638 0.0542 -0.0034 0.6964 0.7156
1779438974.0057 23.2130 142.7841 5.7717 0.0532 -0.0028 0.6927 0.7193
1779438974.1057 23.2543 143.2032 5.7839 0.0525 -0.0028 0.6878 0.7240
1779438974.2054 23.3128 143.6119 5.8033 0.0498 -0.0041 0.6853 0.7266
1779438974.4057 23.3964 144.4469 5.8410 0.0462 -0.0081 0.6786 0.7330
1779438974.5057 23.4514 144.8738 5.8523 0.0464 -0.0104 0.6760 0.7353
1779438974.6057 23.4960 145.2807 5.8687 0.0477 -0.0085 0.6749 0.7363
1779438974.8055 23.5691 146.0981 5.9045 0.0509 -0.0034 0.6778 0.7334
1779438975.0075 23.6714 146.9399 5.9169 0.0515 -0.0032 0.6745 0.7365
1779438975.1056 23.7344 147.3537 5.9264 0.0500 -0.0051 0.6674 0.7430
1779438975.2062 23.7909 147.7587 5.9326 0.0455 -0.0085 0.6618 0.7483
1779438975.3055 23.8357 148.1568 5.9541 0.0402 -0.0115 0.6577 0.7522
1779438975.4062 23.8827 148.5513 5.9560 0.0345 -0.0152 0.6573 0.7527
1779438975.5063 23.9445 148.9680 5.9672 0.0307 -0.0174 0.6578 0.7523
1779438975.6056 23.9728 149.3938 6.0021 0.0298 -0.0185 0.6593 0.7511
1779438975.8074 24.0911 150.2286 6.0292 0.0310 -0.0201 0.6666 0.7445
1779438975.9056 24.1290 150.6325 6.0420 0.0328 -0.0183 0.6687 0.7426
1779438976.0062 24.1767 151.0585 6.0515 0.0338 -0.0160 0.6708 0.7407
1779438976.1053 24.2191 151.4867 6.0631 0.0344 -0.0155 0.6731 0.7386
1779438976.2056 24.2472 151.9048 6.0858 0.0343 -0.0156 0.6763 0.7357
1779438976.3064 24.2875 152.3179 6.1158 0.0350 -0.0160 0.6790 0.7331
1779438976.4054 24.3119 152.7430 6.1150 0.0357 -0.0162 0.6807 0.7316
1779438976.5065 24.3451 153.1665 6.1299 0.0352 -0.0158 0.6826 0.7298
1779438976.6063 24.3719 153.5979 6.1387 0.0358 -0.0159 0.6843 0.7282
1779438976.7058 24.3935 154.0259 6.1634 0.0364 -0.0145 0.6859 0.7266
1779438976.9075 24.4699 154.8966 6.2010 0.0415 -0.0119 0.6882 0.7243
1779438977.0063 24.5162 155.3089 6.2078 0.0456 -0.0096 0.6872 0.7250
1779438977.1057 24.5536 155.7375 6.2124 0.0507 -0.0046 0.6857 0.7261
1779438977.2074 24.6087 156.1617 6.2222 0.0539 -0.0013 0.6841 0.7274
1779438977.3082 24.6581 156.6018 6.2321 0.0555 -0.0001 0.6808 0.7304
1779438977.4062 24.7165 157.0146 6.2599 0.0548 0.0015 0.6755 0.7353
1779438977.7055 24.9286 158.2674 6.2907 0.0373 -0.0123 0.6567 0.7531
1779438977.9074 24.9880 159.1238 6.3020 0.0265 -0.0191 0.6583 0.7520
1779438978.0055 25.0233 159.5528 6.3485 0.0251 -0.0197 0.6658 0.7455
1779438978.1054 25.0625 159.9880 6.3498 0.0288 -0.0194 0.6712 0.7405
1779438978.2043 25.0996 160.4289 6.3718 0.0329 -0.0189 0.6765 0.7354
1779438978.3055 25.1689 160.8458 6.3646 0.0368 -0.0138 0.6782 0.7338
1779438978.4056 25.2035 161.2885 6.3899 0.0391 -0.0099 0.6786 0.7334
1779438978.6072 25.2838 162.1646 6.4236 0.0410 -0.0090 0.6797 0.7323
1779438978.7073 25.3395 162.5923 6.4422 0.0408 -0.0117 0.6801 0.7319
1779438978.8061 25.4075 163.0177 6.4321 0.0393 -0.0132 0.6776 0.7343
1779438978.9061 25.4655 163.4380 6.4524 0.0355 -0.0155 0.6737 0.7380
1779438979.0060 25.5247 163.8730 6.4537 0.0301 -0.0191 0.6714 0.7402
1779438979.1065 25.5723 164.3007 6.4809 0.0250 -0.0225 0.6703 0.7413
1779438979.2060 25.5665 164.7677 6.4736 0.0234 -0.0256 0.6720 0.7397
1779438979.3055 25.5757 165.2096 6.5135 0.0240 -0.0268 0.6774 0.7347
1779438979.4062 25.5983 165.6480 6.5375 0.0264 -0.0250 0.6856 0.7271
1779438979.5104 25.5889 166.0792 6.5393 0.0342 -0.0212 0.6924 0.7204
1779438979.6061 25.6162 166.4996 6.5780 0.0401 -0.0150 0.6991 0.7138
1779438979.7072 25.6368 166.9306 6.5810 0.0453 -0.0104 0.7031 0.7096
1779438979.8072 25.6613 167.3682 6.6159 0.0483 -0.0071 0.7021 0.7104
1779438979.9054 25.6957 167.8026 6.6220 0.0492 -0.0074 0.6970 0.7153
1779438980.0054 25.7483 168.2308 6.6373 0.0464 -0.0095 0.6919 0.7205
1779438980.1052 25.7723 168.6554 6.6583 0.0424 -0.0127 0.6879 0.7244
1779438980.2062 25.8126 169.0890 6.6544 0.0398 -0.0144 0.6845 0.7278
1779438980.3054 25.8524 169.5137 6.6784 0.0358 -0.0157 0.6846 0.7279
1779438980.4054 25.8710 169.9438 6.7049 0.0351 -0.0171 0.6857 0.7268
1779438980.5070 25.8969 170.3855 6.7393 0.0352 -0.0185 0.6862 0.7264
1779438980.6056 25.9315 170.8188 6.7229 0.0358 -0.0194 0.6871 0.7254
1779438980.7053 25.9475 171.2405 6.7454 0.0369 -0.0182 0.6878 0.7247
1779438980.9062 25.9903 172.1035 6.7590 0.0386 -0.0168 0.6949 0.7179
1779438981.0073 25.9899 172.5470 6.8200 0.0395 -0.0158 0.6988 0.7141
1779438981.2053 26.0109 173.3933 6.8486 0.0435 -0.0151 0.7026 0.7101
1779438981.3060 26.0479 173.8184 6.8572 0.0433 -0.0154 0.7013 0.7114
1779438981.4061 26.0505 174.2537 6.8519 0.0419 -0.0159 0.6991 0.7136
1779438981.5052 26.0708 174.6770 6.9003 0.0404 -0.0152 0.6987 0.7141
1779438981.6059 26.0879 175.1116 6.9189 0.0414 -0.0140 0.6974 0.7153
1779438981.7054 26.0890 175.5334 6.9109 0.0443 -0.0151 0.6980 0.7146
1779438981.8054 26.1032 175.9668 6.9574 0.0469 -0.0109 0.7001 0.7125
1779438981.9053 26.1386 176.3939 6.9634 0.0502 -0.0063 0.7005 0.7119
1779438982.0059 26.1371 176.8262 6.9767 0.0562 -0.0026 0.7010 0.7109
1779438982.1052 26.1817 177.2461 7.0045 0.0601 0.0026 0.7011 0.7105
1779438982.3042 26.2471 178.1234 7.0009 0.0648 0.0059 0.6946 0.7165
1779438982.4059 26.2866 178.5266 7.0470 0.0634 0.0074 0.6859 0.7249
1779438982.6058 26.3952 179.3671 7.0571 0.0586 0.0039 0.6707 0.7394
1779438982.7072 26.4707 179.8002 7.0779 0.0535 0.0005 0.6640 0.7458
1779438982.8059 26.5545 180.2195 7.1057 0.0506 -0.0029 0.6569 0.7523
1779438982.9072 26.6330 180.6640 7.1063 0.0455 -0.0074 0.6522 0.7566
1779438983.0072 26.6895 181.0709 7.1128 0.0417 -0.0085 0.6523 0.7568
1779438983.1058 26.7765 181.4879 7.1297 0.0399 -0.0063 0.6549 0.7547
1779438983.2072 26.8186 181.8805 7.1362 0.0392 -0.0048 0.6581 0.7519
1779438983.3059 26.8757 182.3092 7.1312 0.0394 -0.0049 0.6611 0.7493
1779438983.5124 26.9896 183.1714 7.1657 0.0426 -0.0038 0.6674 0.7434
1779438983.6075 27.0228 183.5997 7.2189 0.0457 -0.0018 0.6679 0.7428
1779438983.7074 27.0835 184.0338 7.1761 0.0464 -0.0009 0.6657 0.7448
1779438983.8088 27.1609 184.4609 7.1876 0.0489 0.0021 0.6620 0.7479
1779438983.9075 27.2343 184.8781 7.2218 0.0509 0.0075 0.6589 0.7504
1779438984.0074 27.3508 185.3065 7.1905 0.0532 0.0074 0.6541 0.7545
1779438984.1058 27.4238 185.7395 7.2112 0.0530 0.0069 0.6490 0.7589
1779438984.2073 27.5081 186.1692 7.2323 0.0529 0.0072 0.6438 0.7633
1779438984.3076 27.6257 186.5814 7.2106 0.0516 0.0070 0.6377 0.7685
1779438984.4061 27.7383 187.0065 7.2202 0.0474 0.0041 0.6290 0.7759
1779438984.5072 27.8625 187.3858 7.2359 0.0390 -0.0003 0.6194 0.7841
1779438984.6070 27.9942 187.8106 7.2329 0.0270 -0.0091 0.6135 0.7892
1779438984.7052 28.1089 188.2407 7.2300 0.0168 -0.0180 0.6087 0.7930
1779438984.8058 28.1614 188.7012 7.2218 0.0069 -0.0257 0.6108 0.7913
1779438985.0041 28.3417 189.6014 7.2358 -0.0023 -0.0337 0.6312 0.7748
1779438985.1050 28.3786 190.0728 7.2748 -0.0040 -0.0351 0.6449 0.7634
1779438985.3065 28.4438 190.9781 7.3235 0.0020 -0.0368 0.6662 0.7449
1779438985.4057 28.4428 191.4012 7.3246 0.0093 -0.0342 0.6769 0.7352
1779438985.5058 28.4570 191.8132 7.3371 0.0159 -0.0281 0.6850 0.7278
1779438985.6061 28.4838 192.2632 7.3568 0.0245 -0.0219 0.6945 0.7188
1779438985.7074 28.4661 192.7370 7.4004 0.0319 -0.0148 0.7025 0.7108
1779438985.8073 28.4816 193.2068 7.4056 0.0394 -0.0095 0.7057 0.7074
1779438985.9087 28.5441 193.6698 7.4118 0.0433 -0.0065 0.7006 0.7123
1779438986.0075 28.5394 194.1083 7.4155 0.0415 -0.0078 0.6935 0.7192
1779438986.4074 28.5147 194.5996 7.4473 0.0384 -0.0122 0.6884 0.7242
1779438986.5071 28.5443 195.0342 7.4636 0.0427 -0.0096 0.6897 0.7228
1779438986.7073 28.6327 195.9756 7.4862 0.0506 -0.0014 0.6916 0.7205
1779438986.8070 28.6683 196.4188 7.5187 0.0508 0.0010 0.6906 0.7215
1779438986.9075 28.7325 196.8804 7.5408 0.0492 0.0000 0.6858 0.7262
1779438987.0086 28.7867 197.3270 7.5315 0.0465 -0.0035 0.6803 0.7315
1779438987.1074 28.8249 197.7649 7.5462 0.0434 -0.0056 0.6762 0.7354
1779438987.2072 28.8623 198.2099 7.5729 0.0388 -0.0074 0.6752 0.7366
1779438987.3059 28.9309 198.6590 7.5679 0.0353 -0.0096 0.6767 0.7354
1779438987.5071 29.0033 199.6022 7.6148 0.0352 -0.0105 0.6773 0.7348
1779438987.6056 29.0655 200.0583 7.6104 0.0374 -0.0100 0.6793 0.7328
1779438987.7071 29.1006 200.5180 7.6266 0.0408 -0.0064 0.6804 0.7317
1779438987.9074 29.2130 201.4420 7.6417 0.0421 -0.0035 0.6797 0.7323
1779438988.0073 29.2719 201.9072 7.6582 0.0418 -0.0040 0.6787 0.7332
1779438988.1059 29.2869 202.3421 7.6662 0.0404 -0.0051 0.6777 0.7342
1779438988.3074 29.4025 203.2911 7.6997 0.0395 -0.0058 0.6763 0.7355
1779438988.4059 29.4285 203.7567 7.7027 0.0386 -0.0065 0.6758 0.7360
1779438988.5070 29.4813 204.1961 7.7154 0.0380 -0.0067 0.6747 0.7371
1779438988.6072 29.5578 204.6681 7.7140 0.0382 -0.0067 0.6739 0.7378
1779438988.7056 29.5891 205.0922 7.7366 0.0380 -0.0063 0.6729 0.7387
1779438988.9073 29.7493 206.0374 7.7496 0.0427 -0.0041 0.6712 0.7400
1779438989.0056 29.7815 206.4829 7.7739 0.0415 -0.0019 0.6701 0.7411
1779438989.1071 29.8388 206.9353 7.7797 0.0394 -0.0056 0.6694 0.7418
1779438989.3057 29.9518 207.8563 7.7956 0.0354 -0.0094 0.6680 0.7433
1779438989.4069 30.0046 208.3107 7.8047 0.0319 -0.0128 0.6671 0.7442
1779438989.5050 30.0585 208.7697 7.8179 0.0274 -0.0153 0.6667 0.7447
1779438989.6058 30.1116 209.2203 7.8425 0.0241 -0.0178 0.6674 0.7441
1779438989.7069 30.1514 209.6751 7.8537 0.0238 -0.0183 0.6695 0.7422
1779438989.9057 30.2395 210.6151 7.8717 0.0316 -0.0142 0.6811 0.7314
1779438990.0069 30.2790 211.0543 7.8837 0.0362 -0.0088 0.6829 0.7296
1779438990.1070 30.3361 211.5068 7.8797 0.0379 -0.0078 0.6811 0.7311
1779438990.2059 30.3783 211.9787 7.9057 0.0375 -0.0074 0.6777 0.7343
1779438990.3051 30.4246 212.4393 7.8987 0.0352 -0.0093 0.6758 0.7362
1779438990.5068 30.5265 213.3402 7.9269 0.0312 -0.0123 0.6761 0.7361
1779438990.7058 30.5984 214.2751 7.9431 0.0287 -0.0136 0.6786 0.7338
1779438990.8050 30.6471 214.7418 7.9640 0.0304 -0.0123 0.6804 0.7321
1779438990.9056 30.6764 215.1996 7.9801 0.0309 -0.0122 0.6809 0.7316
1779438991.0058 30.6962 215.6701 7.9901 0.0337 -0.0104 0.6818 0.7307
1779438991.1056 30.7215 216.1165 7.9965 0.0374 -0.0079 0.6820 0.7303
1779438991.2068 30.7819 216.5820 8.0048 0.0394 -0.0056 0.6835 0.7288
1779438991.3056 30.8317 217.0289 8.0228 0.0401 -0.0046 0.6834 0.7290
1779438991.5070 30.9192 217.9642 8.0437 0.0451 -0.0026 0.6838 0.7283
1779438991.6069 30.9523 218.4267 8.0599 0.0436 -0.0031 0.6804 0.7315
1779438991.7068 31.0252 218.8734 8.0586 0.0390 -0.0061 0.6732 0.7384
1779438991.9057 31.1687 219.7839 8.0834 0.0241 -0.0165 0.6606 0.7501
