1779439934.3025 0.0000 0.0000 0.0000 0.0000 0.0000 0.0000 1.0000
1779439934.4043 0.0291 -0.0018 -0.0252 -0.0010 -0.0007 -0.0004 1.0000
1779439934.5032 0.0612 0.0075 -0.0572 -0.0032 -0.0014 -0.0004 1.0000
1779439934.8047 0.1092 0.0370 -0.0536 -0.0162 0.0014 0.0031 0.9999
1779439934.9047 0.1104 0.0383 -0.0347 -0.0200 0.0021 0.0059 0.9998
1779439935.0062 0.1238 0.0591 -0.0384 -0.0222 0.0028 0.0091 0.9997
1779439935.1047 0.1479 0.0816 -0.0231 -0.0224 0.0045 0.0129 0.9997
1779439935.3035 0.1999 0.1351 -0.0431 -0.0169 0.0042 0.0217 0.9996
1779439935.4049 0.2215 0.1508 -0.0531 -0.0156 0.0040 0.0275 0.9995
1779439935.5044 0.2253 0.1262 -0.0526 -0.0148 0.0044 0.0328 0.9993
1779439935.6044 0.2478 0.1544 -0.0544 -0.0143 0.0053 0.0363 0.9992
1779439935.7048 0.2558 0.1483 -0.0408 -0.0138 0.0060 0.0399 0.9991
1779439935.8045 0.2750 0.1737 -0.0514 -0.0136 0.0060 0.0438 0.9989
1779439935.9036 0.2944 0.1719 -0.0581 -0.0136 0.0060 0.0490 0.9987
1779439936.0048 0.3141 0.1761 -0.0581 -0.0129 0.0068 0.0537 0.9984
1779439936.1032 0.3151 0.1963 -0.0535 -0.0121 0.0081 0.0564 0.9983
1779439936.2036 0.3150 0.1764 -0.0553 -0.0109 0.0086 0.0579 0.9982
1779439936.3034 0.3255 0.1968 -0.0573 -0.0101 0.0081 0.0591 0.9982
1779439936.4036 0.3182 0.1827 -0.0469 -0.0099 0.0080 0.0603 0.9981
1779439936.5048 0.3106 0.1603 -0.0509 -0.0085 0.0068 0.0598 0.9982
1779439936.8036 0.3344 0.1353 -0.0398 0.0039 0.0048 0.0578 0.9983
1779439936.9034 0.3268 0.1207 -0.0509 0.0068 0.0046 0.0574 0.9983
1779439937.0032 0.3153 0.1045 -0.0646 0.0052 0.0045 0.0567 0.9984
1779439937.1028 0.3110 0.1346 -0.0690 0.0019 0.0041 0.0564 0.9984
1779439937.2037 0.3136 0.1652 -0.0640 -0.0027 0.0042 0.0579 0.9983
1779439937.3035 0.3445 0.1697 -0.0644 -0.0057 0.0044 0.0590 0.9982
1779439937.4037 0.3413 0.1930 -0.0643 -0.0089 0.0044 0.0623 0.9980
1779439937.5049 0.3429 0.2245 -0.0586 -0.0115 0.0048 0.0652 0.9978
1779439937.6037 0.3388 0.2413 -0.0600 -0.0141 0.0047 0.0686 0.9975
1779439937.7049 0.3929 0.2579 -0.0586 -0.0172 0.0045 0.0746 0.9971
1779439937.8056 0.4357 0.2912 -0.0684 -0.0211 0.0044 0.0822 0.9964
1779439937.9051 0.5075 0.3360 -0.0664 -0.0262 0.0051 0.0921 0.9954
1779439938.0055 0.6073 0.3958 -0.0689 -0.0316 0.0048 0.1076 0.9937
1779439938.1049 0.6401 0.4794 -0.0751 -0.0360 0.0051 0.1268 0.9913
1779439938.2069 0.7245 0.5649 -0.0784 -0.0375 0.0035 0.1501 0.9880
1779439938.3051 0.8106 0.6510 -0.0641 -0.0389 0.0013 0.1783 0.9832
1779439938.4051 0.8841 0.7767 -0.0493 -0.0395 0.0007 0.2126 0.9763
1779439938.5053 0.9875 0.9087 -0.0740 -0.0385 -0.0030 0.2522 0.9669
1779439938.6039 1.1236 1.0426 -0.0855 -0.0395 -0.0063 0.2948 0.9547
1779439938.7050 1.2463 1.1829 -0.0674 -0.0412 -0.0131 0.3414 0.9389
1779439938.8040 1.2776 1.3395 -0.0814 -0.0380 -0.0188 0.3877 0.9208
1779439938.9030 1.2778 1.5027 -0.0830 -0.0324 -0.0245 0.4303 0.9018
1779439939.0030 1.3051 1.6390 -0.1063 -0.0268 -0.0296 0.4723 0.8805
1779439939.1020 1.2411 1.7861 -0.0940 -0.0247 -0.0337 0.5113 0.8584
1779439939.2023 1.2107 1.9456 -0.1338 -0.0212 -0.0372 0.5480 0.8354
1779439939.3033 1.2078 2.0927 -0.1404 -0.0205 -0.0408 0.5857 0.8092
1779439939.4022 1.0936 2.2335 -0.1920 -0.0137 -0.0404 0.6215 0.7822
1779439939.5032 1.0006 2.3793 -0.1753 -0.0076 -0.0378 0.6580 0.7520
1779439939.6052 0.9118 2.5113 -0.1522 -0.0003 -0.0324 0.6904 0.7227
1779439939.7036 0.7874 2.6301 -0.1377 0.0077 -0.0281 0.7185 0.6949
1779439939.8054 0.6693 2.7158 -0.0726 0.0128 -0.0258 0.7394 0.6727
1779439939.9039 0.6354 2.8099 -0.0452 0.0185 -0.0194 0.7446 0.6669
1779439940.0041 0.6051 2.9440 -0.0642 0.0223 -0.0203 0.7499 0.6609
1779439940.1031 0.5937 3.0875 -0.0416 0.0225 -0.0237 0.7593 0.6499
1779439940.3041 0.5557 3.3598 -0.0834 0.0238 -0.0289 0.7589 0.6502
1779439940.4039 0.5367 3.4959 -0.0055 0.0221 -0.0306 0.7626 0.6458
1779439940.5040 0.4700 3.6446 -0.0283 0.0247 -0.0294 0.7642 0.6439
1779439940.6042 0.3951 3.8045 -0.0249 0.0243 -0.0302 0.7742 0.6318
1779439940.7034 0.3625 3.9736 -0.0678 0.0270 -0.0252 0.7788 0.6262
1779439940.8040 0.2245 4.1518 -0.0254 0.0253 -0.0248 0.7877 0.6151
1779439940.9055 0.1886 4.3089 0.0234 0.0248 -0.0234 0.7970 0.6030
1779439941.0035 0.1419 4.4838 0.0153 0.0297 -0.0257 0.8001 0.5986
1779439941.1034 0.0668 4.6701 0.0264 0.0282 -0.0317 0.8059 0.5905
1779439941.2034 0.0539 4.8546 0.0234 0.0305 -0.0316 0.8069 0.5891
1779439941.3042 -0.0530 5.0414 0.0351 0.0288 -0.0312 0.8089 0.5865
1779439941.4025 -0.1305 5.2331 0.0172 0.0291 -0.0325 0.8141 0.5791
1779439941.5044 -0.1541 5.4426 -0.0094 0.0286 -0.0280 0.8139 0.5796
1779439941.6055 -0.2419 5.6728 0.0478 0.0265 -0.0282 0.8136 0.5802
1779439941.7037 -0.3356 5.8855 0.0297 0.0242 -0.0265 0.8161 0.5768
1779439941.9043 -0.5529 6.3240 0.2273 0.0448 -0.0336 0.8238 0.5642
1779439942.0035 -0.6344 6.5776 0.2537 0.0638 -0.0377 0.8268 0.5576
1779439942.1036 -0.7503 6.8143 0.3976 0.0819 -0.0443 0.8296 0.5506
1779439942.2016 -0.7999 7.0640 0.1995 0.0886 -0.0560 0.8269 0.5525
1779439942.3025 -0.8962 7.3108 0.2221 0.0876 -0.0589 0.8216 0.5602
1779439942.4028 -0.9691 7.5468 0.2750 0.0831 -0.0600 0.8177 0.5665
1779439942.5025 -1.0551 7.7640 0.3008 0.0782 -0.0623 0.8169 0.5681
1779439942.6028 -1.1406 8.0172 0.3444 0.0795 -0.0643 0.8165 0.5682
1779439942.7036 -1.2951 8.2223 0.3946 0.0787 -0.0652 0.8189 0.5647
1779439942.8025 -1.3604 8.4313 0.4156 0.0790 -0.0653 0.8245 0.5566
1779439942.9036 -1.4803 8.6404 0.4336 0.0813 -0.0602 0.8288 0.5504
1779439943.0024 -1.6049 8.8797 0.4316 0.0812 -0.0548 0.8364 0.5393
1779439943.1026 -1.6971 9.0805 0.5202 0.0816 -0.0481 0.8422 0.5307
1779439943.2016 -1.7618 9.2896 0.5577 0.0817 -0.0462 0.8456 0.5255
1779439943.3026 -1.8314 9.5215 0.5733 0.0817 -0.0453 0.8432 0.5294
1779439943.4028 -1.9185 9.7327 0.6256 0.0790 -0.0448 0.8390 0.5365
1779439943.5026 -2.0253 9.9646 0.5901 0.0772 -0.0470 0.8379 0.5383
1779439943.6027 -2.1321 10.1936 0.6316 0.0728 -0.0446 0.8381 0.5388
1779439943.7037 -2.2266 10.4014 0.6505 0.0709 -0.0441 0.8410 0.5346
1779439943.8027 -2.3264 10.6251 0.7033 0.0714 -0.0435 0.8410 0.5346
1779439943.9027 -2.3928 10.8198 0.6959 0.0719 -0.0410 0.8407 0.5351
1779439944.0038 -2.4839 11.0411 0.7784 0.0701 -0.0373 0.8408 0.5354
1779439944.1030 -2.5921 11.2448 0.7125 0.0690 -0.0339 0.8406 0.5362
1779439944.2018 -2.6800 11.4731 0.7682 0.0659 -0.0294 0.8415 0.5354
1779439944.3028 -2.7741 11.6843 0.7747 0.0652 -0.0272 0.8415 0.5356
1779439944.4028 -2.8625 11.9103 0.8411 0.0638 -0.0263 0.8412 0.5364
1779439944.5026 -2.9575 12.1208 0.8147 0.0597 -0.0227 0.8406 0.5379
1779439944.6029 -3.0641 12.3386 0.7917 0.0609 -0.0234 0.8398 0.5389
1779439944.8026 -3.1991 12.8219 0.8754 0.0511 -0.0165 0.8343 0.5487
1779439944.9029 -3.3081 13.0654 0.9031 0.0513 -0.0166 0.8303 0.5547
1779439945.0030 -3.4035 13.3087 0.8938 0.0509 -0.0170 0.8267 0.5601
1779439945.1030 -3.4708 13.5490 0.9135 0.0488 -0.0160 0.8232 0.5654
1779439945.2031 -3.5358 13.8016 0.8895 0.0466 -0.0146 0.8197 0.5708
1779439945.3027 -3.5778 14.0315 0.9404 0.0407 -0.0122 0.8162 0.5762
1779439945.4030 -3.6308 14.2665 0.9184 0.0367 -0.0150 0.8129 0.5811
1779439945.5033 -3.7122 14.5222 0.8935 0.0305 -0.0170 0.8101 0.5853
1779439945.6030 -3.7950 14.7652 0.9248 0.0243 -0.0176 0.8083 0.5880
1779439945.7040 -3.9058 15.0066 0.9465 0.0177 -0.0196 0.8090 0.5872
1779439945.8042 -3.9876 15.2696 0.8654 0.0140 -0.0210 0.8103 0.5855
1779439945.9032 -4.0549 15.5305 0.9330 0.0071 -0.0191 0.8104 0.5855
1779439946.1033 -4.2951 16.0633 0.8991 0.0000 -0.0174 0.8125 0.5826
1779439946.2041 -4.3988 16.3226 0.9091 -0.0024 -0.0165 0.8178 0.5753
1779439946.3029 -4.4651 16.5963 0.8753 -0.0026 -0.0138 0.8238 0.5666
1779439946.4042 -4.5983 16.8668 0.8908 -0.0034 -0.0106 0.8298 0.5579
1779439946.5044 -4.7391 17.1531 0.8638 -0.0018 -0.0100 0.8376 0.5461
1779439946.6033 -4.8772 17.4157 0.8875 -0.0034 -0.0050 0.8438 0.5366
1779439946.7051 -5.0370 17.7109 0.7633 -0.0005 -0.0029 0.8499 0.5270
1779439946.8064 -5.1551 17.9907 0.7761 -0.0021 0.0026 0.8519 0.5237
1779439946.9050 -5.2931 18.2775 0.8115 -0.0026 0.0100 0.8497 0.5272
1779439947.1052 -5.5701 18.9148 0.7507 -0.0003 0.0150 0.8483 0.5293
1779439947.2067 -5.7302 19.2319 0.7067 0.0009 0.0163 0.8461 0.5328
1779439947.3063 -5.8411 19.5981 0.7252 -0.0012 0.0163 0.8447 0.5350
1779439947.4045 -5.9607 19.9720 0.9954 0.0145 0.0083 0.8408 0.5411
1779439947.5043 -6.1446 20.3184 0.9701 0.0288 -0.0083 0.8371 0.5463
1779439947.6031 -6.2870 20.7240 0.8671 0.0473 -0.0262 0.8333 0.5501
1779439947.7043 -6.4091 21.0748 0.9092 0.0375 -0.0239 0.8314 0.5539
1779439947.8045 -6.5384 21.4368 0.8852 0.0369 -0.0280 0.8298 0.5561
1779439947.9042 -6.7226 21.7903 0.8945 0.0398 -0.0266 0.8310 0.5542
1779439948.0046 -6.9400 22.1257 0.9442 0.0410 -0.0245 0.8389 0.5422
1779439948.2034 -7.1786 22.8066 1.0286 0.0460 -0.0155 0.8501 0.5244
1779439948.3043 -7.3120 23.1525 0.9999 0.0501 -0.0159 0.8482 0.5270
1779439948.4033 -7.4276 23.5362 1.0441 0.0557 -0.0132 0.8409 0.5381
1779439948.5035 -7.5581 23.8499 1.0678 0.0505 -0.0125 0.8373 0.5442
1779439948.6045 -7.6723 24.2162 1.0330 0.0550 -0.0160 0.8309 0.5534
1779439948.7034 -7.8238 24.5227 1.1323 0.0486 -0.0096 0.8281 0.5583
1779439948.8046 -7.9698 24.8459 1.1343 0.0452 -0.0153 0.8331 0.5510
1779439948.9044 -8.0687 25.2098 1.1786 0.0471 -0.0136 0.8328 0.5514
1779439949.0035 -8.2003 25.5060 1.1663 0.0456 -0.0145 0.8314 0.5537
1779439949.1034 -8.3531 25.8569 1.1636 0.0454 -0.0165 0.8308 0.5544
1779439949.3045 -8.5673 26.5116 1.2609 0.0444 -0.0127 0.8264 0.5612
1779439949.4035 -8.7198 26.8574 1.1814 0.0490 -0.0140 0.8272 0.5596
1779439949.5035 -8.8246 27.1672 1.2949 0.0472 -0.0088 0.8287 0.5577
1779439949.6046 -8.9254 27.4994 1.2440 0.0432 -0.0124 0.8297 0.5564
1779439949.7037 -9.0242 27.8501 1.3627 0.0428 -0.0117 0.8252 0.5631
1779439949.8046 -9.1311 28.1819 1.3120 0.0411 -0.0175 0.8239 0.5650
1779439949.9049 -9.2749 28.5291 1.3492 0.0416 -0.0179 0.8243 0.5643
1779439950.0048 -9.3970 28.8583 1.3615 0.0451 -0.0157 0.8244 0.5639
1779439950.1048 -9.5070 29.1858 1.3687 0.0437 -0.0111 0.8266 0.5609
1779439950.2037 -9.6250 29.5212 1.3609 0.0448 -0.0071 0.8278 0.5592
1779439950.3045 -9.7518 29.8503 1.4347 0.0436 -0.0045 0.8296 0.5566
1779439950.4035 -9.8740 30.1938 1.4169 0.0440 -0.0076 0.8293 0.5571
1779439950.5045 -9.9796 30.5452 1.4850 0.0462 -0.0092 0.8253 0.5627
1779439950.6048 -10.1050 30.8794 1.4655 0.0455 -0.0111 0.8216 0.5681
1779439950.7045 -10.2141 31.2179 1.5075 0.0466 -0.0122 0.8173 0.5743
1779439950.8049 -10.3038 31.5677 1.5255 0.0454 -0.0133 0.8135 0.5797
1779439950.9055 -10.3834 31.9180 1.5227 0.0424 -0.0147 0.8108 0.5836
1779439951.0048 -10.5016 32.2358 1.5467 0.0392 -0.0167 0.8096 0.5855
1779439951.1049 -10.6433 32.5632 1.5854 0.0373 -0.0204 0.8114 0.5829
1779439951.2037 -10.7415 32.9089 1.5760 0.0380 -0.0242 0.8133 0.5801
1779439951.3051 -10.8769 33.2473 1.5612 0.0343 -0.0259 0.8142 0.5790
1779439951.4069 -10.9941 33.5696 1.5562 0.0299 -0.0251 0.8153 0.5777
1779439951.5052 -11.1244 33.8831 1.6179 0.0265 -0.0243 0.8159 0.5770
1779439951.7068 -11.3889 34.5169 1.6538 0.0312 -0.0226 0.8230 0.5668
1779439951.8052 -11.5699 34.7946 1.6844 0.0354 -0.0182 0.8309 0.5550
1779439951.9051 -11.7042 35.1037 1.6966 0.0421 -0.0148 0.8404 0.5401
1779439952.0049 -11.8330 35.4131 1.7296 0.0490 -0.0058 0.8444 0.5335
1779439952.1051 -11.9768 35.7213 1.7179 0.0516 -0.0002 0.8464 0.5300
1779439952.3039 -12.1977 36.3765 1.7546 0.0575 0.0103 0.8390 0.5410
1779439952.5037 -12.3911 37.0319 1.8006 0.0623 0.0153 0.8288 0.5559
1779439952.6039 -12.4831 37.3508 1.8096 0.0650 0.0165 0.8233 0.5636
1779439952.7050 -12.5476 37.6692 1.8130 0.0629 0.0172 0.8170 0.5729
1779439952.8051 -12.6151 38.0043 1.8050 0.0615 0.0153 0.8061 0.5884
1779439952.9058 -12.6368 38.2994 1.8307 0.0558 0.0155 0.7925 0.6071
1779439953.0076 -12.6795 38.5995 1.8344 0.0512 0.0101 0.7809 0.6224
1779439953.1071 -12.6988 38.9110 1.8915 0.0485 0.0039 0.7722 0.6336
1779439953.2071 -12.7259 39.2371 1.8918 0.0465 -0.0076 0.7659 0.6412
1779439953.4060 -12.7908 39.8554 1.8699 0.0321 -0.0221 0.7568 0.6525
1779439953.5070 -12.8538 40.1563 1.8849 0.0256 -0.0277 0.7583 0.6509
1779439953.6054 -12.9022 40.4154 1.9054 0.0180 -0.0289 0.7631 0.6453
1779439953.7071 -12.9822 40.7181 1.9177 0.0142 -0.0315 0.7686 0.6388
1779439953.8073 -13.0494 40.9786 1.9660 0.0151 -0.0362 0.7748 0.6309
1779439953.9072 -13.1464 41.2459 1.9415 0.0147 -0.0407 0.7800 0.6242
1779439954.0071 -13.2260 41.5228 2.0121 0.0156 -0.0478 0.7862 0.6159
1779439954.1052 -13.3252 41.7894 1.9997 0.0159 -0.0560 0.7919 0.6078
1779439954.2071 -13.4391 42.0393 1.9886 0.0150 -0.0607 0.8008 0.5957
1779439954.3042 -13.5484 42.2561 1.9902 0.0103 -0.0624 0.8128 0.5790
1779439954.4052 -13.7100 42.4737 2.0125 0.0074 -0.0665 0.8246 0.5617
1779439954.5060 -13.8747 42.6824 2.0219 0.0048 -0.0702 0.8361 0.5441
1779439954.6059 -14.0442 42.8652 2.0344 0.0019 -0.0731 0.8510 0.5200
1779439954.7060 -14.2659 43.0279 2.0536 0.0009 -0.0756 0.8688 0.4894
1779439954.8073 -14.4833 43.1494 2.0585 0.0012 -0.0786 0.8861 0.4568
1779439954.9054 -14.6815 43.2621 2.0600 0.0016 -0.0814 0.9012 0.4256
1779439955.1042 -15.0982 43.4657 2.1192 0.0110 -0.0891 0.9291 0.3587
1779439955.3031 -15.4948 43.5566 2.1559 0.0201 -0.0945 0.9537 0.2849
1779439955.4023 -15.6713 43.5903 2.1251 0.0245 -0.0953 0.9640 0.2472
1779439955.5040 -15.9162 43.6076 2.1272 0.0239 -0.0969 0.9736 0.2054
1779439955.7026 -16.3493 43.5149 2.1437 0.0185 -0.0988 0.9873 0.1231
1779439955.8025 -16.5695 43.4169 2.1413 0.0197 -0.1032 0.9912 0.0811
1779439955.9024 -16.7830 43.3110 2.1357 0.0251 -0.1047 0.9934 0.0393
1779439956.0026 -17.0246 43.1958 2.1291 0.0315 -0.1071 0.9937 -0.0092
1779439956.1027 -17.1698 42.9153 2.1367 0.0372 -0.1068 0.9917 -0.0612
1779439956.2026 -17.3021 42.6511 2.1584 0.0426 -0.1036 0.9875 -0.1111
1779439956.3041 -17.4219 42.4423 2.1801 0.0473 -0.1045 0.9801 -0.1620
1779439956.4033 -17.5058 42.2561 2.1506 0.0491 -0.1026 0.9716 -0.2075
1779439956.5042 -17.5999 42.0130 2.1262 0.0498 -0.1041 0.9609 -0.2516
1779439956.6033 -17.6608 41.7922 2.1525 0.0490 -0.1066 0.9479 -0.2961
1779439956.7026 -17.6875 41.6139 2.1561 0.0497 -0.1070 0.9326 -0.3410
1779439956.8063 -17.7731 41.4810 2.1685 0.0491 -0.1065 0.9135 -0.3895
1779439956.9078 -17.7411 41.2372 2.1797 0.0512 -0.1049 0.8921 -0.4366
1779439957.0034 -17.6714 40.9790 2.1646 0.0535 -0.1010 0.8690 -0.4814
1779439957.1015 -17.6247 40.7852 2.1098 0.0559 -0.0968 0.8431 -0.5260
1779439957.2025 -17.6069 40.6374 2.1078 0.0584 -0.0915 0.8140 -0.5706
1779439957.3028 -17.5416 40.4347 2.0936 0.0606 -0.0853 0.7827 -0.6136
1779439957.4027 -17.4468 40.2487 2.0811 0.0615 -0.0777 0.7496 -0.6545
1779439957.5027 -17.3745 40.1060 2.0951 0.0610 -0.0722 0.7167 -0.6909
1779439957.6033 -17.3554 39.9956 2.0681 -0.0606 0.0645 -0.6898 0.7186
1779439957.7028 -17.2767 39.8192 2.0713 -0.0567 0.0609 -0.6696 0.7380
1779439957.9043 -17.0292 40.2704 2.0990 -0.0529 0.0599 -0.6471 0.7582
1779439958.0027 -17.3247 40.5674 2.1078 -0.0512 0.0525 -0.6222 0.7794
1779439958.1033 -17.2510 40.4004 2.1363 -0.0498 0.0508 -0.5994 0.7973
1779439958.2025 -17.1503 40.2890 2.1423 -0.0455 0.0446 -0.5849 0.8086
1779439958.3034 -17.0672 40.1196 2.1304 -0.0399 0.0398 -0.5719 0.8184
1779439958.4035 -16.9691 39.9651 2.0998 -0.0332 0.0341 -0.5593 0.8276
1779439958.5027 -16.8845 39.7985 2.1110 -0.0253 0.0288 -0.5495 0.8346
1779439958.6028 -16.7921 39.6080 2.1191 -0.0204 0.0258 -0.5372 0.8428
1779439958.7046 -16.6969 39.4606 2.1200 -0.0190 0.0234 -0.5334 0.8453
1779439958.8028 -16.6426 39.2609 2.1099 -0.0192 0.0216 -0.5366 0.8433
1779439958.9035 -16.5945 39.0670 2.0761 -0.0220 0.0233 -0.5383 0.8422
1779439959.0028 -16.4923 38.8549 2.0503 -0.0227 0.0246 -0.5454 0.8375
1779439959.1034 -16.4260 38.6302 2.0365 -0.0244 0.0267 -0.5457 0.8372
1779439959.2028 -16.3019 38.4265 2.0376 -0.0249 0.0284 -0.5434 0.8386
1779439959.3029 -16.1898 38.2334 2.0569 -0.0247 0.0272 -0.5436 0.8385
1779439959.4029 -16.1141 37.9812 2.0419 -0.0268 0.0211 -0.5405 0.8406
1779439959.5027 -16.0132 37.7664 2.0017 -0.0232 0.0175 -0.5398 0.8413
1779439959.6027 -15.9202 37.5328 1.9896 -0.0179 0.0191 -0.5400 0.8413
1779439959.7035 -15.8124 37.3053 1.9727 -0.0150 0.0202 -0.5401 0.8412
1779439959.9029 -15.5954 36.8405 1.9587 -0.0142 0.0301 -0.5397 0.8412
1779439960.0030 -15.4823 36.5794 1.9385 -0.0180 0.0283 -0.5400 0.8410
1779439960.1029 -15.3762 36.3453 1.9337 -0.0197 0.0311 -0.5396 0.8411
1779439960.2030 -15.2853 36.0977 1.9149 -0.0222 0.0308 -0.5392 0.8413
1779439960.3028 -15.1762 35.8553 1.9031 -0.0237 0.0300 -0.5398 0.8409
1779439960.4029 -15.0689 35.5961 1.9227 -0.0271 0.0270 -0.5397 0.8410
1779439960.5031 -14.9566 35.3211 1.8541 -0.0257 0.0258 -0.5390 0.8415
1779439960.6029 -14.8382 35.0618 1.8428 -0.0264 0.0256 -0.5358 0.8436
1779439960.7029 -14.7079 34.8049 1.8347 -0.0256 0.0260 -0.5313 0.8464
1779439960.8045 -14.5727 34.5536 1.8264 -0.0216 0.0314 -0.5278 0.8485
1779439960.9029 -14.4195 34.3109 1.7892 -0.0211 0.0287 -0.5251 0.8503
1779439961.0030 -14.2958 34.0406 1.8031 -0.0219 0.0263 -0.5215 0.8526
1779439961.1030 -14.1621 33.8073 1.7508 -0.0194 0.0284 -0.5185 0.8544
1779439961.2029 -14.0336 33.5408 1.7239 -0.0175 0.0292 -0.5150 0.8565
1779439961.3018 -13.8769 33.2907 1.7285 -0.0182 0.0269 -0.5117 0.8586
1779439961.4028 -13.7275 33.0187 1.7568 -0.0170 0.0264 -0.5077 0.8610
1779439961.5030 -13.5688 32.7546 1.7000 -0.0155 0.0194 -0.5040 0.8633
1779439961.7030 -13.2710 32.2196 1.6799 -0.0081 0.0138 -0.4994 0.8662
1779439961.8030 -13.1403 31.9190 1.6809 -0.0046 0.0114 -0.5043 0.8634
1779439961.9019 -13.0341 31.6303 1.6646 -0.0018 0.0080 -0.5108 0.8597
1779439962.0031 -12.9035 31.3398 1.6351 -0.0011 0.0047 -0.5158 0.8567
1779439962.1019 -12.7639 31.0662 1.6119 -0.0014 0.0069 -0.5202 0.8540
1779439962.2029 -12.6353 30.7824 1.6062 -0.0011 0.0121 -0.5247 0.8512
1779439962.3031 -12.5203 30.5028 1.5916 -0.0049 0.0132 -0.5302 0.8478
1779439962.4019 -12.3901 30.2165 1.5737 -0.0079 0.0156 -0.5387 0.8423
1779439962.5031 -12.2934 29.9115 1.5457 -0.0111 0.0183 -0.5477 0.8364
1779439962.7030 -12.0728 29.3310 1.5135 -0.0168 0.0258 -0.5574 0.8297
1779439962.8033 -11.9522 29.0160 1.5186 -0.0183 0.0294 -0.5563 0.8303
1779439962.9019 -11.8399 28.7227 1.4726 -0.0198 0.0267 -0.5565 0.8302
1779439963.0031 -11.7010 28.4207 1.4539 -0.0200 0.0251 -0.5570 0.8299
1779439963.1019 -11.5912 28.1388 1.4561 -0.0212 0.0275 -0.5556 0.8307
1779439963.3031 -11.3648 27.5433 1.3718 -0.0242 0.0269 -0.5533 0.8322
1779439963.4020 -11.2100 27.2374 1.4076 -0.0248 0.0296 -0.5486 0.8352
1779439963.5031 -11.0767 26.9435 1.3361 -0.0227 0.0293 -0.5443 0.8381
1779439963.7019 -10.7853 26.3567 1.3346 -0.0194 0.0326 -0.5351 0.8439
1779439963.8032 -10.6440 26.0366 1.3139 -0.0189 0.0310 -0.5324 0.8457
1779439963.9033 -10.4906 25.7270 1.2991 -0.0181 0.0290 -0.5291 0.8479
1779439964.0022 -10.3393 25.4275 1.2916 -0.0158 0.0256 -0.5250 0.8505
1779439964.1020 -10.2016 25.1116 1.2463 -0.0104 0.0237 -0.5220 0.8525
1779439964.2022 -10.0573 24.7674 1.2269 -0.0043 0.0200 -0.5196 0.8541
1779439964.4031 -9.7757 24.0946 1.0509 -0.0000 0.0179 -0.5271 0.8496
1779439964.5030 -9.6734 23.7451 1.1369 0.0005 0.0234 -0.5347 0.8447
1779439964.6033 -9.5362 23.4847 1.0363 -0.0053 0.0291 -0.5408 0.8407
1779439964.7022 -9.4008 23.1460 1.1327 -0.0106 0.0303 -0.5462 0.8370
1779439964.8021 -9.2934 22.8324 0.9846 -0.0186 0.0258 -0.5509 0.8340
1779439964.9032 -9.1409 22.4917 1.0498 -0.0240 0.0243 -0.5483 0.8356
1779439965.0022 -9.0158 22.1682 0.9722 -0.0242 0.0274 -0.5454 0.8374
1779439965.1032 -8.8779 21.8122 0.9670 -0.0248 0.0268 -0.5447 0.8379
1779439965.3022 -8.5866 21.1725 1.0074 -0.0171 0.0273 -0.5400 0.8411
1779439965.4034 -8.4174 20.8512 0.8278 -0.0145 0.0217 -0.5346 0.8447
1779439965.5022 -8.2710 20.5144 0.8461 -0.0096 0.0266 -0.5317 0.8465
1779439965.6032 -8.1179 20.1141 1.3158 -0.0129 0.0183 -0.5328 0.8459
1779439965.7033 -7.9319 19.7662 1.3181 -0.0268 -0.0004 -0.5320 0.8463
1779439965.8020 -7.8184 19.3779 1.0055 -0.0499 -0.0273 -0.5386 0.8406
1779439965.9032 -7.6633 19.0665 1.0391 -0.0475 -0.0225 -0.5492 0.8340
1779439966.0033 -7.5664 18.7248 0.9062 -0.0509 -0.0183 -0.5499 0.8334
1779439966.1023 -7.4072 18.4038 0.9961 -0.0498 -0.0221 -0.5493 0.8339
1779439966.2014 -7.2555 18.1089 0.9633 -0.0470 -0.0236 -0.5430 0.8381
1779439966.3015 -7.1262 17.7976 1.0385 -0.0400 -0.0227 -0.5349 0.8437
1779439966.4023 -7.0039 17.4896 1.0142 -0.0331 -0.0226 -0.5335 0.8449
1779439966.5021 -6.8785 17.1934 0.9178 -0.0350 -0.0203 -0.5379 0.8420
1779439966.6016 -6.7728 16.9027 0.8988 -0.0358 -0.0183 -0.5506 0.8338
1779439966.7033 -6.6850 16.6133 1.1129 -0.0369 -0.0098 -0.5584 0.8287
1779439966.8023 -6.5850 16.3357 0.9554 -0.0406 -0.0078 -0.5576 0.8291
1779439966.9024 -6.4543 16.0903 0.9395 -0.0398 -0.0063 -0.5537 0.8317
1779439967.0033 -6.3218 15.8375 0.9901 -0.0388 -0.0024 -0.5463 0.8367
1779439967.1021 -6.1961 15.5948 0.9485 -0.0356 0.0001 -0.5439 0.8384
1779439967.2024 -6.1010 15.3275 0.9486 -0.0349 0.0036 -0.5438 0.8385
1779439967.3017 -5.9908 15.0778 0.9372 -0.0343 0.0100 -0.5442 0.8382
1779439967.4024 -5.8972 14.8214 0.9428 -0.0326 0.0115 -0.5495 0.8348
1779439967.5035 -5.8094 14.5706 0.9488 -0.0329 0.0158 -0.5492 0.8349
1779439967.7024 -5.5229 14.1282 0.9020 -0.0239 0.0186 -0.5407 0.8407
1779439967.8035 -5.4264 13.8635 0.8618 -0.0182 0.0207 -0.5303 0.8474
1779439967.9033 -5.3208 13.6483 0.8367 -0.0117 0.0190 -0.5262 0.8501
1779439968.0037 -5.2483 13.3995 0.8696 -0.0062 0.0205 -0.5236 0.8517
1779439968.1025 -5.0888 13.1842 0.8135 -0.0011 0.0196 -0.5219 0.8528
1779439968.2037 -4.9799 12.9530 0.7708 0.0055 0.0167 -0.5239 0.8516
1779439968.3034 -4.8692 12.7179 0.8135 0.0097 0.0168 -0.5251 0.8508
1779439968.4036 -4.7280 12.4574 0.6932 0.0106 0.0183 -0.5335 0.8456
1779439968.5044 -4.7123 12.1922 0.7151 0.0082 0.0214 -0.5475 0.8365
1779439968.7054 -4.6054 11.7204 0.6275 0.0004 0.0358 -0.5788 0.8147
1779439968.8053 -4.5741 11.4462 0.6307 -0.0047 0.0426 -0.5856 0.8095
1779439968.9039 -4.5087 11.1682 0.5646 -0.0075 0.0499 -0.5851 0.8094
1779439969.1037 -4.3357 10.6598 0.5050 -0.0108 0.0600 -0.5791 0.8130
1779439969.3057 -4.1002 10.1541 0.3777 -0.0100 0.0640 -0.5702 0.8189
1779439969.4046 -3.9433 9.9048 0.4091 -0.0060 0.0690 -0.5606 0.8252
1779439969.6067 -3.7225 9.4216 0.2795 0.0061 0.0650 -0.5393 0.8396
1779439969.7065 -3.6179 9.1569 0.2573 0.0138 0.0636 -0.5309 0.8450
1779439969.8078 -3.4721 8.9303 0.2093 0.0198 0.0611 -0.5283 0.8466
1779439969.9090 -3.3784 8.6773 0.1465 0.0238 0.0592 -0.5294 0.8460
1779439970.1069 -3.1469 8.1677 0.0707 0.0307 0.0586 -0.5415 0.8381
1779439970.2076 -3.0825 7.9174 0.0024 0.0321 0.0578 -0.5472 0.8344
1779439970.3076 -3.0158 7.6202 -0.0232 0.0341 0.0565 -0.5523 0.8310
1779439970.4088 -2.9237 7.3261 -0.0677 0.0376 0.0572 -0.5579 0.8271
1779439970.5087 -2.8139 7.0650 -0.1245 0.0379 0.0566 -0.5649 0.8224
1779439970.6093 -2.7385 6.7577 -0.1321 0.0357 0.0576 -0.5728 0.8169
1779439970.7066 -2.7064 6.4384 0.0714 0.0174 0.0469 -0.5858 0.8089
1779439970.8040 -2.6391 6.1070 0.1367 -0.0010 0.0370 -0.5987 0.8001
1779439970.9046 -2.5721 5.7807 -0.1509 -0.0208 0.0136 -0.6089 0.7928
1779439971.0040 -2.4611 5.4760 -0.2441 -0.0203 0.0166 -0.6104 0.7917
1779439971.1048 -2.3922 5.2026 -0.2612 -0.0174 0.0265 -0.6075 0.7937
1779439971.2040 -2.3317 4.9387 -0.1759 -0.0215 0.0347 -0.6065 0.7941
1779439971.3047 -2.2337 4.6705 -0.2318 -0.0276 0.0347 -0.6048 0.7951
1779439971.4056 -2.1655 4.4165 -0.2180 -0.0340 0.0363 -0.6040 0.7954
1779439971.5045 -2.0727 4.1484 -0.2502 -0.0368 0.0357 -0.6027 0.7963
1779439971.6046 -1.9705 3.9169 -0.2640 -0.0380 0.0382 -0.5941 0.8026
1779439971.7041 -1.8583 3.6921 -0.2862 -0.0382 0.0370 -0.5844 0.8097
1779439971.8041 -1.7672 3.4843 -0.2922 -0.0379 0.0385 -0.5735 0.8174
1779439971.9041 -1.6508 3.2829 -0.2871 -0.0383 0.0417 -0.5650 0.8231
1779439972.0057 -1.5796 3.0803 -0.2920 -0.0402 0.0391 -0.5589 0.8273
1779439972.2039 -1.3619 2.7149 -0.3516 -0.0396 0.0385 -0.5403 0.8396
1779439972.3040 -1.2675 2.5505 -0.3582 -0.0372 0.0408 -0.5302 0.8461
1779439972.4041 -1.1656 2.3803 -0.3719 -0.0380 0.0403 -0.5164 0.8545
1779439972.5041 -1.0772 2.2480 -0.3774 -0.0382 0.0385 -0.5040 0.8620
1779439972.7057 -0.8486 1.9910 -0.3860 -0.0397 0.0395 -0.4802 0.8754
1779439972.8048 -0.7412 1.8929 -0.4009 -0.0415 0.0396 -0.4685 0.8816
1779439972.9048 -0.6190 1.7598 -0.4111 -0.0441 0.0395 -0.4552 0.8884
1779439973.0059 -0.5097 1.6528 -0.4298 -0.0440 0.0377 -0.4402 0.8960
1779439973.1042 -0.4285 1.5405 -0.4456 -0.0444 0.0383 -0.4192 0.9060
1779439973.3042 -0.1640 1.4102 -0.4228 -0.0453 0.0329 -0.3740 0.9258
1779439973.4042 0.0203 1.3936 -0.4069 -0.0456 0.0285 -0.3472 0.9362
1779439973.5042 0.1383 1.3772 -0.4337 -0.0456 0.0252 -0.3191 0.9463
1779439973.6039 0.2995 1.3532 -0.4453 -0.0458 0.0232 -0.2939 0.9545
1779439973.7042 0.4141 1.3465 -0.4434 -0.0463 0.0217 -0.2668 0.9624
1779439973.9047 0.6439 1.3148 -0.4577 -0.0454 0.0144 -0.2056 0.9775
1779439974.0059 0.8065 1.3903 -0.4553 -0.0453 0.0100 -0.1699 0.9844
1779439974.1058 0.9350 1.4490 -0.4610 -0.0414 0.0057 -0.1323 0.9903
1779439974.2050 1.0838 1.5935 -0.4524 -0.0373 0.0031 -0.0918 0.9951
1779439974.3038 1.2012 1.6652 -0.4652 -0.0332 0.0022 -0.0492 0.9982
1779439974.4043 1.3223 1.7157 -0.4466 -0.0303 0.0027 -0.0058 0.9995
1779439974.5043 1.4353 1.8195 -0.4470 -0.0262 -0.0003 0.0376 0.9989
1779439974.6043 1.5201 1.9031 -0.4492 -0.0219 -0.0006 0.0768 0.9968
1779439974.7042 1.5971 2.0213 -0.4545 -0.0202 -0.0016 0.1169 0.9929
1779439974.8042 1.6705 2.1328 -0.4655 -0.0159 -0.0029 0.1570 0.9875
1779439974.9048 1.7207 2.2649 -0.4600 -0.0120 -0.0020 0.1971 0.9803
1779439975.0050 1.7783 2.3696 -0.4495 -0.0095 -0.0033 0.2409 0.9705
1779439975.1044 1.8100 2.4642 -0.4634 -0.0066 -0.0055 0.2818 0.9594
1779439975.2043 1.8138 2.5924 -0.4750 -0.0038 -0.0081 0.3170 0.9484
1779439975.3043 1.8475 2.7170 -0.4883 -0.0020 -0.0103 0.3513 0.9362
1779439975.4023 1.8547 2.8283 -0.4984 -0.0018 -0.0141 0.3841 0.9232
1779439975.5040 1.8553 2.9397 -0.4757 -0.0031 -0.0179 0.4129 0.9106
1779439975.6030 1.8419 3.0694 -0.4885 -0.0029 -0.0218 0.4383 0.8986
1779439975.7023 1.8760 3.1736 -0.4936 -0.0016 -0.0258 0.4647 0.8851
1779439975.9041 1.8873 3.4194 -0.4747 0.0016 -0.0347 0.5256 0.8500
1779439976.0031 1.8385 3.5539 -0.4518 -0.0021 -0.0393 0.5521 0.8328
1779439976.1022 1.7980 3.6839 -0.4280 -0.0039 -0.0422 0.5747 0.8173
1779439976.2022 1.8251 3.8774 -0.4997 -0.0028 -0.0453 0.6005 0.7983
1779439976.3024 1.7944 4.0264 -0.5127 -0.0016 -0.0464 0.6300 0.7752
1779439976.4024 1.7588 4.2193 -0.5466 0.0032 -0.0468 0.6596 0.7501
1779439976.5031 1.6360 4.3969 -0.5054 0.0058 -0.0471 0.6946 0.7178
1779439976.7041 1.4537 4.6642 -0.4085 0.0124 -0.0444 0.7502 0.6596
1779439976.8041 1.3023 4.7890 -0.3562 0.0128 -0.0464 0.7704 0.6358
1779439976.9045 1.3018 4.9292 -0.3621 0.0168 -0.0466 0.7786 0.6255
1779439977.0032 1.2295 5.0997 -0.3675 0.0165 -0.0491 0.7881 0.6134
1779439977.1031 1.1425 5.2578 -0.3441 0.0159 -0.0484 0.7964 0.6026
1779439977.2040 1.0569 5.4592 -0.3238 0.0195 -0.0472 0.8061 0.5895
1779439977.3042 0.9253 5.6196 -0.2868 0.0243 -0.0441 0.8197 0.5706
1779439977.4044 0.8517 5.8095 -0.3190 0.0321 -0.0397 0.8310 0.5539
1779439977.5042 0.7424 5.9987 -0.2549 0.0351 -0.0335 0.8432 0.5353
1779439977.6042 0.6571 6.1858 -0.2753 0.0415 -0.0277 0.8504 0.5237
1779439977.7045 0.5433 6.4103 -0.2320 0.0442 -0.0248 0.8558 0.5148
1779439977.8033 0.4558 6.5974 -0.2616 0.0440 -0.0229 0.8586 0.5102
1779439977.9045 0.3564 6.8322 -0.2563 0.0446 -0.0200 0.8564 0.5139
1779439978.0051 0.2577 7.0443 -0.2292 0.0391 -0.0196 0.8574 0.5129
1779439978.1042 0.1886 7.2858 -0.0548 0.0497 -0.0250 0.8538 0.5176
1779439978.2024 0.0830 7.5336 0.1786 0.0567 -0.0337 0.8511 0.5208
1779439978.3022 -0.0216 7.8204 0.1933 0.0739 -0.0480 0.8480 0.5226
1779439978.5014 -0.3335 8.2990 0.0827 0.0934 -0.0591 0.8469 0.5201
1779439978.6017 -0.4937 8.5174 0.1228 0.0908 -0.0571 0.8501 0.5155
1779439978.7024 -0.5404 8.7612 0.1754 0.0937 -0.0548 0.8555 0.5064
1779439978.8016 -0.6512 9.0033 0.2178 0.0957 -0.0492 0.8577 0.5027
1779439978.9024 -0.7597 9.2413 0.2845 0.0953 -0.0414 0.8572 0.5044
1779439979.0030 -0.8750 9.4986 0.3600 0.0933 -0.0397 0.8565 0.5061
1779439979.1017 -0.9800 9.7406 0.4156 0.0945 -0.0386 0.8516 0.5142
1779439979.2025 -1.0656 9.9800 0.4171 0.0946 -0.0416 0.8469 0.5216
1779439979.3016 -1.1569 10.1968 0.4810 0.0925 -0.0423 0.8431 0.5280
1779439979.4024 -1.2432 10.4248 0.4661 0.0911 -0.0426 0.8406 0.5322
1779439979.5026 -1.3517 10.6477 0.4775 0.0877 -0.0433 0.8400 0.5337
1779439979.7025 -1.5355 11.0831 0.5658 0.0791 -0.0438 0.8364 0.5406
1779439979.8025 -1.6110 11.3181 0.6162 0.0755 -0.0456 0.8341 0.5445
1779439979.9017 -1.7118 11.5525 0.6292 0.0734 -0.0473 0.8315 0.5486
1779439980.0025 -1.7994 11.7569 0.6322 0.0718 -0.0490 0.8317 0.5484
1779439980.1016 -1.8804 11.9394 0.6872 0.0672 -0.0504 0.8347 0.5443
1779439980.2017 -1.9557 12.1270 0.6999 0.0658 -0.0478 0.8374 0.5405
1779439980.3014 -2.0934 12.3345 0.7029 0.0654 -0.0432 0.8398 0.5372
1779439980.4019 -2.1788 12.5408 0.7101 0.0645 -0.0381 0.8443 0.5306
1779439980.5026 -2.2622 12.7539 0.7503 0.0641 -0.0310 0.8478 0.5255
1779439980.6014 -2.3657 12.9722 0.7237 0.0622 -0.0264 0.8516 0.5199
1779439980.7026 -2.4498 13.1611 0.8491 0.0592 -0.0225 0.8537 0.5169
1779439980.8026 -2.5649 13.3826 0.8318 0.0577 -0.0204 0.8512 0.5213
1779439980.9016 -2.6782 13.6121 0.7969 0.0578 -0.0219 0.8481 0.5261
1779439981.0026 -2.7600 13.8213 0.9001 0.0545 -0.0211 0.8468 0.5288
1779439981.3026 -3.0316 14.4886 0.9162 0.0464 -0.0176 0.8403 0.5398
1779439981.4017 -3.1179 14.7496 0.8634 0.0451 -0.0188 0.8379 0.5436
1779439981.5026 -3.2103 14.9775 0.9169 0.0411 -0.0162 0.8346 0.5490
1779439981.7018 -3.3899 15.4673 0.8514 0.0357 -0.0154 0.8285 0.5587
1779439981.8026 -3.4715 15.7172 0.9138 0.0282 -0.0129 0.8258 0.5631
1779439981.9033 -3.5350 15.9738 0.9029 0.0244 -0.0125 0.8233 0.5670
1779439982.0027 -3.6409 16.2261 0.8944 0.0195 -0.0103 0.8227 0.5680
1779439982.1033 -3.7778 16.4949 0.9155 0.0144 -0.0103 0.8258 0.5637
1779439982.2026 -3.8961 16.7278 0.8687 0.0118 -0.0083 0.8286 0.5597
1779439982.3035 -3.9904 16.9980 0.8907 0.0084 -0.0067 0.8322 0.5544
1779439982.4046 -4.0957 17.2656 0.8678 0.0067 -0.0080 0.8354 0.5495
1779439982.5026 -4.1800 17.5362 0.8871 0.0015 -0.0082 0.8357 0.5492
1779439982.6045 -4.3108 17.8401 0.8786 -0.0025 -0.0125 0.8366 0.5477
1779439982.7028 -4.4196 18.1445 0.7754 -0.0044 -0.0119 0.8393 0.5435
1779439982.8038 -4.5554 18.4444 0.8199 -0.0060 -0.0095 0.8447 0.5352
1779439982.9046 -4.7390 18.7129 0.8040 -0.0106 -0.0075 0.8515 0.5241
1779439983.0037 -4.9022 18.9702 0.8025 -0.0103 -0.0021 0.8546 0.5192
1779439983.1049 -5.0798 19.2773 0.7329 -0.0082 -0.0009 0.8573 0.5148
1779439983.3054 -5.4864 19.8605 0.7080 -0.0039 0.0048 0.8626 0.5058
1779439983.4065 -5.6347 20.2211 0.7546 -0.0037 0.0101 0.8666 0.4989
1779439983.5046 -5.8115 20.5345 1.0205 0.0061 0.0154 0.8694 0.4939
1779439983.6045 -6.0325 20.9253 0.8985 0.0335 -0.0036 0.8698 0.4923
1779439983.7034 -6.1603 21.3520 1.0432 0.0509 -0.0155 0.8645 0.4999
1779439983.9047 -6.5286 22.0851 0.8368 0.0477 -0.0239 0.8518 0.5211
1779439984.0037 -6.6780 22.4305 0.9355 0.0460 -0.0235 0.8507 0.5231
1779439984.1034 -6.9012 22.7763 0.9472 0.0468 -0.0213 0.8527 0.5198
1779439984.2037 -7.0604 23.1242 0.9399 0.0468 -0.0198 0.8591 0.5092
1779439984.3026 -7.2678 23.4682 1.0240 0.0505 -0.0108 0.8617 0.5048
1779439984.4034 -7.4315 23.8450 1.0985 0.0555 -0.0100 0.8630 0.5020
1779439984.5047 -7.6260 24.2607 1.0087 0.0578 -0.0134 0.8583 0.5098
1779439984.6030 -7.7747 24.5830 1.0812 0.0570 -0.0131 0.8515 0.5211
1779439984.7047 -7.9357 24.9389 1.0829 0.0476 -0.0148 0.8500 0.5244
1779439984.8047 -8.0698 25.3258 1.1064 0.0520 -0.0140 0.8480 0.5273
1779439984.9034 -8.2677 25.6356 1.1928 0.0537 -0.0105 0.8484 0.5265
1779439985.0034 -8.4334 25.9973 1.1602 0.0562 -0.0069 0.8514 0.5215
1779439985.1020 -8.5785 26.3396 1.1686 0.0596 0.0002 0.8524 0.5194
1779439985.2038 -8.7316 26.6996 1.1923 0.0568 0.0017 0.8510 0.5221
1779439985.3029 -8.8080 27.0905 1.2571 0.0559 -0.0003 0.8433 0.5345
1779439985.4037 -8.9701 27.4304 1.1861 0.0506 -0.0096 0.8352 0.5475
1779439985.5047 -9.0975 27.7874 1.2691 0.0459 -0.0182 0.8305 0.5548
1779439985.6036 -9.2186 28.1404 1.2401 0.0358 -0.0229 0.8264 0.5615
1779439985.7050 -9.4184 28.5042 1.2994 0.0321 -0.0332 0.8269 0.5604
1779439985.8054 -9.6217 28.8622 1.3614 0.0265 -0.0369 0.8325 0.5522
1779439985.9048 -9.8185 29.2121 1.3716 0.0281 -0.0396 0.8403 0.5399
1779439986.0047 -9.9824 29.5440 1.3509 0.0316 -0.0384 0.8491 0.5258
1779439986.1036 -10.1463 29.8654 1.4053 0.0336 -0.0323 0.8562 0.5145
1779439986.2047 -10.3319 30.1983 1.4560 0.0326 -0.0277 0.8615 0.5060
1779439986.3048 -10.5063 30.5450 1.4237 0.0377 -0.0249 0.8638 0.5018
1779439986.4038 -10.6749 30.8880 1.5446 0.0422 -0.0212 0.8652 0.4992
1779439986.5047 -10.8681 31.2332 1.5376 0.0457 -0.0192 0.8664 0.4969
1779439986.6048 -11.0443 31.5686 1.5429 0.0504 -0.0155 0.8649 0.4992
1779439986.7038 -11.2220 31.9078 1.5691 0.0514 -0.0124 0.8634 0.5018
1779439986.8048 -11.4000 32.2208 1.5710 0.0507 -0.0074 0.8621 0.5042
1779439986.9046 -11.5591 32.5690 1.6531 0.0533 0.0002 0.8596 0.5082
1779439987.0035 -11.7251 32.9056 1.6420 0.0577 0.0027 0.8571 0.5119
1779439987.1030 -11.8510 33.2756 1.6266 0.0618 0.0033 0.8515 0.5207
1779439987.2037 -11.9980 33.6356 1.6338 0.0634 0.0044 0.8429 0.5344
1779439987.3039 -12.0953 33.9575 1.6884 0.0567 0.0039 0.8357 0.5463
1779439987.4037 -12.2103 34.3000 1.6826 0.0517 0.0021 0.8268 0.5601
1779439987.5039 -12.2951 34.6513 1.7317 0.0501 -0.0045 0.8182 0.5727
1779439987.6058 -12.3851 34.9832 1.7190 0.0436 -0.0103 0.8111 0.5832
1779439987.7056 -12.5068 35.3133 1.7139 0.0374 -0.0147 0.8061 0.5904
1779439987.8056 -12.6169 35.6253 1.7362 0.0280 -0.0196 0.8055 0.5916
1779439987.9070 -12.7338 35.9576 1.7599 0.0245 -0.0260 0.8057 0.5912
1779439988.0058 -12.8528 36.2701 1.8102 0.0201 -0.0308 0.8078 0.5884
1779439988.1057 -12.9767 36.5889 1.8264 0.0169 -0.0373 0.8113 0.5832
1779439988.2039 -13.1162 36.9031 1.8118 0.0158 -0.0457 0.8146 0.5780
1779439988.3049 -13.2668 37.1981 1.8596 0.0113 -0.0517 0.8191 0.5712
1779439988.4068 -13.4280 37.4855 1.8378 0.0085 -0.0577 0.8263 0.5602
1779439988.6057 -13.7817 37.9816 1.8973 0.0069 -0.0677 0.8489 0.5242
1779439988.7052 -13.9395 38.2120 1.9010 0.0082 -0.0713 0.8618 0.5022
1779439988.8032 -14.1448 38.3993 1.9178 0.0111 -0.0748 0.8742 0.4797
1779439988.9049 -14.3571 38.5963 1.9405 0.0134 -0.0765 0.8868 0.4555
1779439989.0049 -14.5767 38.7397 1.9424 0.0165 -0.0778 0.8998 0.4290
1779439989.1036 -14.7547 38.8669 1.9615 0.0168 -0.0786 0.9117 0.4030
1779439989.2031 -14.9443 38.9697 1.9863 0.0165 -0.0791 0.9216 0.3796
1779439989.3038 -15.1810 39.0437 1.9944 0.0180 -0.0796 0.9322 0.3526
1779439989.4050 -15.3985 39.1066 2.0045 0.0200 -0.0795 0.9440 0.3197
1779439989.5040 -15.5917 39.1261 2.0131 0.0221 -0.0790 0.9545 0.2867
1779439989.7037 -15.9718 39.1808 2.0339 0.0219 -0.0789 0.9712 0.2238
1779439989.8028 -16.1596 39.1674 2.0442 0.0243 -0.0791 0.9792 0.1851
1779439989.9022 -16.3124 39.1026 2.0542 0.0271 -0.0787 0.9862 0.1434
1779439990.0033 -16.4461 39.0347 2.0841 0.0278 -0.0806 0.9905 0.1077
1779439990.1022 -16.6219 39.0013 2.0888 0.0316 -0.0817 0.9932 0.0769
1779439990.2022 -16.8071 38.9833 2.0740 0.0404 -0.0800 0.9953 0.0380
1779439990.3019 -16.9636 38.9509 2.0774 0.0438 -0.0784 0.9959 -0.0099
1779439990.4023 -17.0858 38.8788 2.0764 0.0445 -0.0796 0.9941 -0.0595
1779439990.5028 -17.1597 38.7222 2.0936 0.0436 -0.0807 0.9903 -0.1045
1779439990.6022 -17.2485 38.5535 2.0726 0.0423 -0.0818 0.9848 -0.1476
1779439990.7022 -17.3143 38.4096 2.0576 0.0407 -0.0842 0.9771 -0.1910
1779439990.8030 -17.3714 38.2635 2.0430 0.0388 -0.0848 0.9675 -0.2349
1779439990.9022 -17.3907 38.0834 2.0886 0.0369 -0.0804 0.9550 -0.2830
1779439991.0030 -17.3741 37.8962 2.0967 0.0360 -0.0761 0.9391 -0.3332
1779439991.1023 -17.3391 37.7230 2.0659 0.0345 -0.0724 0.9213 -0.3804
1779439991.2023 -17.3432 37.6652 2.0528 0.0329 -0.0701 0.9013 -0.4263
1779439991.3032 -17.3290 37.4986 2.0575 0.0323 -0.0687 0.8803 -0.4683
1779439991.4022 -17.3072 37.3470 2.0164 0.0335 -0.0652 0.8639 -0.4983
1779439991.5023 -17.2758 37.2308 2.0224 0.0337 -0.0648 0.8494 -0.5226
1779439991.6018 -17.2350 37.0979 2.0261 0.0349 -0.0640 0.8326 -0.5490
1779439991.7021 -17.2058 36.9619 2.0188 0.0360 -0.0627 0.8156 -0.5741
1779439991.8023 -17.1677 36.8600 2.0295 0.0393 -0.0631 0.7975 -0.5988
1779439992.0023 -17.1113 36.6268 1.9811 0.0466 -0.0645 0.7649 -0.6393
1779439992.1019 -17.0437 36.4618 1.9625 0.0499 -0.0649 0.7476 -0.6591
1779439992.2019 -16.9408 36.3428 1.9586 0.0507 -0.0652 0.7284 -0.6801
1779439992.3022 -16.8673 36.2254 1.9547 -0.0498 0.0640 -0.7046 0.7050
1779439992.4019 -16.7834 36.0860 1.9549 -0.0496 0.0623 -0.6768 0.7318
1779439992.5023 -16.6861 35.9446 1.9304 -0.0475 0.0603 -0.6534 0.7531
1779439992.6032 -16.5728 35.8060 1.9132 -0.0451 0.0565 -0.6307 0.7727
1779439992.7022 -16.4955 35.6428 1.9085 -0.0439 0.0530 -0.6047 0.7935
1779439992.8023 -16.3744 35.5023 1.9220 -0.0420 0.0500 -0.5842 0.8090
1779439992.9031 -16.2676 35.3587 1.9067 -0.0407 0.0446 -0.5693 0.8199
1779439993.0021 -16.2036 35.2249 1.9043 -0.0416 0.0430 -0.5563 0.8288
1779439993.1025 -16.1323 35.0468 1.8958 -0.0424 0.0393 -0.5481 0.8344
1779439993.2020 -16.0554 34.8790 1.9145 -0.0419 0.0378 -0.5395 0.8401
1779439993.3029 -15.9376 34.7058 1.8950 -0.0415 0.0326 -0.5285 0.8473
1779439993.4024 -15.8196 34.5342 1.8741 -0.0354 0.0285 -0.5166 0.8550
1779439993.6023 -14.8462 34.9825 1.8792 -0.0186 0.0240 -0.5157 0.8562
1779439993.7031 -14.7028 34.8080 1.8261 -0.0113 0.0188 -0.5044 0.8632
1779439993.8022 -14.6543 34.6216 1.8544 -0.0046 0.0196 -0.5014 0.8650
1779439993.9024 -14.5514 34.4412 1.8665 -0.0013 0.0177 -0.5126 0.8584
1779439994.0022 -14.4684 34.2266 1.8620 -0.0045 0.0141 -0.5208 0.8536
1779439994.1023 -14.3735 34.0102 1.8069 -0.0046 0.0148 -0.5278 0.8492
1779439994.2011 -14.2727 33.7820 1.8238 -0.0032 0.0213 -0.5333 0.8457
