1779439322.7021 0.0000 0.0000 0.0000 0.0000 0.0000 0.0000 1.0000
1779439322.8035 0.1739 0.0330 0.0089 0.0037 0.0000 0.0049 1.0000
1779439322.9020 0.4447 0.0204 0.0035 0.0055 -0.0014 0.0122 0.9999
1779439323.0022 0.6435 0.0856 -0.0109 0.0051 -0.0045 0.0132 0.9999
1779439323.1012 0.8762 0.0735 -0.0213 0.0048 -0.0049 0.0053 1.0000
1779439323.2021 1.1222 0.0266 -0.0343 -0.0011 -0.0035 0.0026 1.0000
1779439323.4014 1.6563 0.0099 -0.0496 -0.0087 -0.0025 0.0029 1.0000
1779439323.5022 1.9594 0.0073 -0.0376 -0.0095 -0.0042 0.0110 0.9999
1779439323.6014 2.1995 0.0353 -0.0539 -0.0058 -0.0059 0.0205 0.9998
1779439323.7015 2.4688 0.0545 -0.0503 -0.0014 -0.0065 0.0335 0.9994
1779439323.8023 2.7332 0.1065 -0.0534 0.0051 -0.0059 0.0444 0.9990
1779439323.9034 2.9772 0.1949 -0.0593 0.0088 -0.0070 0.0519 0.9986
1779439324.0020 3.2334 0.2423 -0.0672 0.0121 -0.0078 0.0501 0.9986
1779439324.1012 3.4950 0.2420 -0.0755 0.0117 -0.0065 0.0446 0.9989
1779439324.2014 3.8018 0.2254 -0.0916 0.0091 -0.0056 0.0444 0.9990
1779439324.3032 4.0673 0.2802 -0.0950 0.0092 -0.0057 0.0413 0.9991
1779439324.4014 4.3534 0.2851 -0.0986 0.0093 -0.0042 0.0397 0.9992
1779439324.5019 4.6452 0.3022 -0.1216 0.0107 -0.0062 0.0392 0.9992
1779439324.6020 4.9130 0.3239 -0.1242 0.0137 -0.0058 0.0368 0.9992
1779439324.7012 5.1915 0.3268 -0.1466 0.0173 -0.0037 0.0351 0.9992
1779439324.8021 5.4808 0.3408 -0.1228 0.0185 -0.0005 0.0341 0.9992
1779439325.0019 6.0598 0.3636 -0.1586 0.0193 -0.0024 0.0338 0.9992
1779439325.1032 6.3488 0.3713 -0.1320 0.0182 -0.0022 0.0312 0.9993
1779439325.2016 6.6263 0.3918 -0.1473 0.0152 -0.0059 0.0252 0.9995
1779439325.3020 6.9198 0.3866 -0.1980 0.0144 -0.0083 0.0175 0.9997
1779439325.4020 7.2228 0.3575 -0.1764 0.0088 -0.0069 0.0157 0.9998
1779439325.6019 7.8010 0.3717 -0.2182 0.0085 -0.0061 0.0110 0.9999
1779439325.7031 8.1106 0.3649 -0.1982 0.0067 -0.0069 0.0135 0.9999
1779439325.8013 8.3945 0.3817 -0.1895 0.0075 -0.0090 0.0146 0.9998
1779439325.9019 8.6932 0.3693 -0.2296 0.0115 -0.0109 0.0160 0.9997
1779439326.0033 8.9787 0.3846 -0.2264 0.0145 -0.0105 0.0172 0.9997
1779439326.1013 9.2593 0.4024 -0.2147 0.0180 -0.0096 0.0164 0.9997
1779439326.2021 9.5697 0.3745 -0.2314 0.0209 -0.0076 0.0167 0.9996
1779439326.3015 9.8587 0.3656 -0.2696 0.0225 -0.0085 0.0146 0.9996
1779439326.4032 10.1536 0.3421 -0.2496 0.0219 -0.0078 0.0080 0.9997
1779439326.5033 10.4567 0.3020 -0.2539 0.0210 -0.0073 0.0031 0.9997
1779439326.6019 10.7343 0.3188 -0.2782 0.0196 -0.0075 -0.0010 0.9998
1779439326.7031 11.0394 0.2863 -0.2684 0.0185 -0.0063 -0.0064 0.9998
1779439326.8033 11.3327 0.2593 -0.2958 0.0171 -0.0079 -0.0114 0.9998
1779439326.9032 11.6399 0.2479 -0.2713 0.0128 -0.0070 -0.0169 0.9998
1779439327.0036 11.9387 0.2224 -0.3124 0.0109 -0.0071 -0.0212 0.9997
1779439327.1032 12.2336 0.1966 -0.3172 0.0090 -0.0074 -0.0254 0.9996
1779439327.2035 12.5610 0.1576 -0.3130 0.0071 -0.0075 -0.0257 0.9996
1779439327.4021 13.1450 0.1362 -0.3312 0.0101 -0.0085 -0.0220 0.9997
1779439327.5035 13.4460 0.1288 -0.3379 0.0110 -0.0099 -0.0226 0.9996
1779439327.6037 13.7490 0.1105 -0.3409 0.0113 -0.0086 -0.0233 0.9996
1779439327.8036 14.3624 0.0772 -0.3587 0.0096 -0.0081 -0.0257 0.9996
1779439327.9036 14.6674 0.0465 -0.3716 0.0078 -0.0077 -0.0250 0.9996
1779439328.0031 14.9504 0.0443 -0.3650 0.0063 -0.0066 -0.0259 0.9996
1779439328.1018 15.2371 0.0334 -0.3784 0.0048 -0.0056 -0.0262 0.9996
1779439328.2019 15.5349 0.0182 -0.4027 0.0045 -0.0043 -0.0261 0.9996
1779439328.3031 15.8435 0.0315 -0.3921 0.0030 -0.0043 -0.0220 0.9997
1779439328.4018 16.1282 0.0274 -0.4021 0.0038 -0.0017 -0.0169 0.9998
1779439328.5031 16.4439 0.0335 -0.4082 0.0040 -0.0028 -0.0142 0.9999
1779439328.6031 16.7314 0.0204 -0.4226 0.0030 -0.0033 -0.0128 0.9999
1779439328.7012 17.0424 0.0222 -0.4152 0.0042 -0.0041 -0.0148 0.9999
1779439328.8020 17.3549 -0.0050 -0.4303 0.0050 -0.0067 -0.0144 0.9999
1779439328.9032 17.6775 -0.0364 -0.4407 0.0075 -0.0077 -0.0142 0.9998
1779439329.0019 17.9836 -0.0240 -0.4551 0.0099 -0.0072 -0.0145 0.9998
1779439329.1031 18.3117 -0.0712 -0.4668 0.0119 -0.0060 -0.0127 0.9998
1779439329.2012 18.6102 -0.0699 -0.4714 0.0126 -0.0056 -0.0124 0.9998
1779439329.4032 19.2172 -0.0679 -0.4632 0.0125 -0.0060 -0.0106 0.9998
1779439329.6031 19.8219 -0.0851 -0.4904 0.0118 -0.0090 -0.0133 0.9998
1779439329.7033 20.1510 -0.1348 -0.5047 0.0116 -0.0073 -0.0169 0.9998
1779439329.8018 20.4758 -0.1588 -0.4996 0.0084 -0.0061 -0.0208 0.9997
1779439329.9031 20.7756 -0.1476 -0.5063 0.0058 -0.0053 -0.0229 0.9997
1779439330.0031 21.1100 -0.1927 -0.5277 0.0051 -0.0059 -0.0239 0.9997
1779439330.3017 21.9980 -0.1965 -0.5353 0.0075 -0.0093 -0.0199 0.9997
1779439330.4017 22.3176 -0.2130 -0.5337 0.0070 -0.0092 -0.0223 0.9997
1779439330.5031 22.6035 -0.2294 -0.5356 0.0066 -0.0092 -0.0284 0.9995
1779439330.6017 22.9442 -0.2414 -0.5795 0.0073 -0.0090 -0.0277 0.9995
1779439330.7018 23.2424 -0.2509 -0.5601 0.0064 -0.0079 -0.0234 0.9997
1779439330.8020 23.5538 -0.2468 -0.5570 0.0082 -0.0084 -0.0205 0.9997
1779439330.9017 23.8524 -0.2678 -0.5704 0.0081 -0.0091 -0.0156 0.9998
1779439331.0018 24.1763 -0.2975 -0.5686 0.0092 -0.0100 -0.0137 0.9998
1779439331.1011 24.4878 -0.2916 -0.5910 0.0105 -0.0103 -0.0131 0.9998
1779439331.2016 24.8146 -0.3176 -0.5936 0.0100 -0.0103 -0.0105 0.9998
1779439331.3029 25.1305 -0.3579 -0.6162 0.0117 -0.0096 -0.0094 0.9998
1779439331.4018 25.4285 -0.3626 -0.6252 0.0135 -0.0090 -0.0093 0.9998
1779439331.5017 25.7461 -0.3852 -0.5938 0.0135 -0.0090 -0.0115 0.9998
1779439331.6031 26.0626 -0.4222 -0.6139 0.0160 -0.0097 -0.0148 0.9997
1779439331.7018 26.3567 -0.4566 -0.6495 0.0188 -0.0104 -0.0195 0.9996
1779439331.8019 26.6695 -0.4707 -0.6482 0.0191 -0.0115 -0.0249 0.9994
1779439331.9030 26.9843 -0.5002 -0.6443 0.0194 -0.0107 -0.0294 0.9993
1779439332.0017 27.2879 -0.5436 -0.6623 0.0188 -0.0101 -0.0352 0.9992
1779439332.1031 27.5939 -0.5822 -0.6593 0.0158 -0.0100 -0.0407 0.9990
1779439332.2011 27.9080 -0.6215 -0.6666 0.0105 -0.0105 -0.0456 0.9988
1779439332.4007 28.5022 -0.6536 -0.6882 -0.0009 -0.0085 -0.0558 0.9984
1779439332.5016 28.8082 -0.6709 -0.6724 -0.0049 -0.0078 -0.0563 0.9984
1779439332.6017 29.1123 -0.6821 -0.6726 -0.0057 -0.0055 -0.0528 0.9986
1779439332.7010 29.4370 -0.7058 -0.7090 -0.0071 -0.0061 -0.0486 0.9988
1779439332.8017 29.7467 -0.7189 -0.6797 -0.0091 -0.0052 -0.0443 0.9990
1779439332.9017 30.0544 -0.7462 -0.6902 -0.0088 -0.0057 -0.0412 0.9991
1779439333.0030 30.3815 -0.7844 -0.7353 -0.0093 -0.0088 -0.0372 0.9992
1779439333.2009 30.9765 -0.7963 -0.7298 -0.0087 -0.0084 -0.0305 0.9995
1779439333.3017 31.2986 -0.8283 -0.7417 -0.0077 -0.0083 -0.0264 0.9996
1779439333.4016 31.6117 -0.8154 -0.7377 -0.0088 -0.0083 -0.0223 0.9997
1779439333.5009 31.9358 -0.8081 -0.7335 -0.0069 -0.0078 -0.0148 0.9998
1779439333.6016 32.2318 -0.7685 -0.7327 -0.0046 -0.0080 -0.0026 1.0000
1779439333.7030 32.5398 -0.7492 -0.7480 -0.0013 -0.0102 0.0099 0.9999
1779439333.8017 32.8611 -0.7234 -0.7313 0.0023 -0.0109 0.0198 0.9997
1779439333.9018 33.1876 -0.7352 -0.7617 0.0065 -0.0116 0.0272 0.9995
1779439334.0029 33.5129 -0.7374 -0.7791 0.0125 -0.0127 0.0267 0.9995
1779439334.1010 33.8540 -0.7542 -0.7848 0.0133 -0.0132 0.0250 0.9995
1779439334.2018 34.1677 -0.7702 -0.7946 0.0123 -0.0128 0.0135 0.9998
1779439334.3016 34.4868 -0.7659 -0.8009 0.0125 -0.0128 0.0052 0.9998
1779439334.4017 34.8063 -0.7716 -0.7816 0.0074 -0.0139 0.0065 0.9999
1779439334.5033 35.1107 -0.7331 -0.7998 0.0116 -0.0138 0.0074 0.9998
1779439334.6016 35.4374 -0.7207 -0.7871 0.0141 -0.0133 0.0147 0.9997
1779439334.7016 35.7471 -0.7527 -0.8162 0.0169 -0.0124 0.0147 0.9997
1779439334.8019 36.0665 -0.7862 -0.8441 0.0197 -0.0125 0.0113 0.9997
1779439334.9009 36.3929 -0.7875 -0.8273 0.0210 -0.0114 0.0103 0.9997
1779439335.0016 36.7058 -0.7916 -0.8365 0.0238 -0.0107 0.0072 0.9996
1779439335.2016 37.3389 -0.8039 -0.8469 0.0268 -0.0122 0.0008 0.9996
1779439335.3027 37.6696 -0.8154 -0.8622 0.0279 -0.0123 -0.0032 0.9995
1779439335.4015 37.9940 -0.8238 -0.8813 0.0273 -0.0125 -0.0129 0.9995
1779439335.5032 38.2921 -0.8501 -0.8612 0.0234 -0.0117 -0.0264 0.9993
1779439335.6048 38.6229 -0.9094 -0.8962 0.0162 -0.0122 -0.0365 0.9991
1779439335.8035 39.2684 -1.0047 -0.8610 0.0106 -0.0126 -0.0466 0.9988
1779439335.9050 39.5669 -1.0291 -0.8660 0.0096 -0.0128 -0.0459 0.9988
1779439336.0044 39.8819 -1.0922 -0.8784 0.0091 -0.0133 -0.0499 0.9986
1779439336.1048 40.1966 -1.1483 -0.8899 0.0067 -0.0136 -0.0534 0.9985
1779439336.2048 40.5351 -1.1904 -0.8766 0.0044 -0.0134 -0.0580 0.9982
1779439336.4031 41.1753 -1.2554 -0.9075 -0.0009 -0.0142 -0.0525 0.9985
1779439336.5028 41.4930 -1.3077 -0.8972 -0.0024 -0.0151 -0.0482 0.9987
1779439336.6045 41.8190 -1.3420 -0.9082 -0.0044 -0.0148 -0.0416 0.9990
1779439336.7059 42.1348 -1.3129 -0.9044 -0.0030 -0.0151 -0.0412 0.9990
1779439336.8031 42.4371 -1.3775 -0.9103 -0.0053 -0.0154 -0.0374 0.9992
1779439336.9033 42.7726 -1.3993 -0.9034 -0.0059 -0.0131 -0.0321 0.9994
1779439337.0057 43.0879 -1.4038 -0.9013 -0.0048 -0.0131 -0.0283 0.9995
1779439337.1033 43.4183 -1.4179 -0.9242 -0.0041 -0.0156 -0.0225 0.9996
1779439337.2029 43.7436 -1.4151 -0.9101 -0.0002 -0.0161 -0.0185 0.9997
1779439337.3034 44.0607 -1.4342 -0.9138 0.0029 -0.0158 -0.0157 0.9997
1779439337.4047 44.3767 -1.4519 -0.9575 0.0069 -0.0181 -0.0154 0.9997
1779439337.5031 44.7072 -1.4783 -0.9500 0.0080 -0.0174 -0.0141 0.9997
1779439337.6036 45.0264 -1.4944 -0.9206 0.0074 -0.0146 -0.0137 0.9998
1779439337.7058 45.3207 -1.4941 -0.9671 0.0072 -0.0172 -0.0188 0.9996
1779439337.8031 45.6409 -1.5453 -0.9377 0.0047 -0.0175 -0.0221 0.9996
1779439337.9044 45.9547 -1.5686 -0.9338 -0.0004 -0.0189 -0.0245 0.9995
1779439338.0048 46.2971 -1.5639 -0.9621 -0.0028 -0.0190 -0.0269 0.9995
1779439338.1035 46.6167 -1.6041 -0.9616 -0.0062 -0.0188 -0.0237 0.9995
1779439338.2035 46.9307 -1.6310 -0.9626 -0.0062 -0.0177 -0.0200 0.9996
1779439338.3032 47.2575 -1.6345 -0.9626 -0.0056 -0.0185 -0.0137 0.9997
1779439338.4032 47.5889 -1.6222 -0.9468 -0.0013 -0.0182 -0.0063 0.9998
1779439338.5032 47.8748 -1.6386 -0.9433 0.0023 -0.0195 0.0004 0.9998
1779439338.6027 48.2028 -1.5579 -0.9446 0.0047 -0.0220 0.0035 0.9997
1779439338.7028 48.5112 -1.5433 -0.9495 0.0072 -0.0227 -0.0029 0.9997
1779439338.8032 48.8030 -1.6072 -0.9534 0.0039 -0.0227 -0.0064 0.9997
1779439339.0031 49.4245 -1.6522 -0.9647 0.0044 -0.0227 -0.0070 0.9997
1779439339.1033 49.7354 -1.6497 -0.9708 0.0064 -0.0223 -0.0009 0.9997
1779439339.2034 50.0355 -1.6155 -0.9451 0.0065 -0.0223 0.0037 0.9997
1779439339.3045 50.3513 -1.6163 -0.9308 0.0065 -0.0221 0.0055 0.9997
1779439339.4045 50.6584 -1.6170 -0.9468 0.0081 -0.0223 0.0070 0.9997
1779439339.6050 51.2442 -1.6166 -0.9417 0.0095 -0.0213 0.0051 0.9997
1779439339.7049 51.5555 -1.6204 -0.9486 0.0108 -0.0221 -0.0040 0.9997
1779439339.8055 51.8655 -1.6551 -0.9300 0.0089 -0.0228 -0.0074 0.9997
1779439339.9057 52.1647 -1.6979 -0.9344 0.0092 -0.0236 -0.0102 0.9996
1779439340.0031 52.4538 -1.6907 -0.9229 0.0093 -0.0255 -0.0144 0.9995
1779439340.1049 52.7432 -1.7138 -0.9224 0.0099 -0.0261 -0.0163 0.9995
1779439340.2054 53.0207 -1.7571 -0.9317 0.0114 -0.0277 -0.0174 0.9994
1779439340.3047 53.3362 -1.7806 -0.9151 0.0131 -0.0272 -0.0173 0.9994
1779439340.4047 53.6356 -1.7743 -0.9187 0.0159 -0.0266 -0.0191 0.9993
1779439340.5044 53.9366 -1.7784 -0.9129 0.0164 -0.0267 -0.0210 0.9993
1779439340.6047 54.2284 -1.8024 -0.8966 0.0146 -0.0257 -0.0240 0.9993
1779439340.7055 54.5169 -1.8263 -0.9029 0.0126 -0.0262 -0.0306 0.9991
1779439340.8043 54.8047 -1.8484 -0.8805 0.0075 -0.0269 -0.0368 0.9989
1779439340.9047 55.0788 -1.8722 -0.8908 0.0053 -0.0273 -0.0393 0.9988
1779439341.0058 55.3728 -1.9027 -0.8946 0.0069 -0.0292 -0.0353 0.9989
1779439341.1043 55.6494 -1.8909 -0.8671 0.0081 -0.0306 -0.0294 0.9991
1779439341.2030 55.9294 -1.8973 -0.8933 0.0116 -0.0309 -0.0251 0.9991
1779439341.4046 56.4734 -1.9144 -0.8666 0.0149 -0.0314 -0.0321 0.9989
1779439341.6031 57.0231 -1.9853 -0.8747 0.0107 -0.0318 -0.0477 0.9983
1779439341.7047 57.2866 -2.0362 -0.8479 0.0112 -0.0311 -0.0541 0.9980
1779439341.8030 57.5534 -2.0723 -0.8430 0.0091 -0.0308 -0.0544 0.9980
1779439342.0043 58.0733 -2.1456 -0.8441 0.0101 -0.0322 -0.0584 0.9977
1779439342.1028 58.3336 -2.1813 -0.8107 0.0091 -0.0334 -0.0612 0.9975
1779439342.2045 58.5996 -2.2391 -0.8257 0.0081 -0.0291 -0.0644 0.9975
1779439342.4044 59.1050 -2.3112 -0.8231 -0.0002 -0.0268 -0.0755 0.9968
1779439342.5046 59.3346 -2.3779 -0.8380 -0.0050 -0.0196 -0.0819 0.9964
1779439342.6029 59.5587 -2.4151 -0.8329 -0.0102 -0.0189 -0.0868 0.9960
1779439342.7032 59.8086 -2.4918 -0.8354 -0.0128 -0.0164 -0.0855 0.9961
1779439342.8045 60.0737 -2.5412 -0.8404 -0.0165 -0.0165 -0.0770 0.9968
1779439342.9029 60.3070 -2.5592 -0.8378 -0.0153 -0.0134 -0.0705 0.9973
1779439343.1027 60.8279 -2.5952 -0.8321 -0.0146 -0.0136 -0.0543 0.9983
1779439343.2030 61.1000 -2.6084 -0.8340 -0.0125 -0.0162 -0.0463 0.9987
1779439343.3029 61.3199 -2.6428 -0.8112 -0.0104 -0.0197 -0.0376 0.9990
1779439343.4025 61.5630 -2.6547 -0.8293 -0.0088 -0.0221 -0.0315 0.9992
1779439343.5027 61.8241 -2.6581 -0.8380 -0.0062 -0.0278 -0.0252 0.9993
1779439343.6043 62.0492 -2.6971 -0.8194 -0.0011 -0.0245 -0.0172 0.9996
1779439343.7026 62.3327 -2.7245 -0.8259 0.0044 -0.0242 -0.0112 0.9996
1779439343.8043 62.5593 -2.7270 -0.8409 0.0093 -0.0209 -0.0058 0.9997
1779439343.9043 62.7892 -2.7525 -0.8561 0.0099 -0.0170 -0.0032 0.9998
1779439344.0028 63.0456 -2.7864 -0.8430 0.0118 -0.0128 -0.0062 0.9998
1779439344.1042 63.2835 -2.8021 -0.8678 0.0116 -0.0095 -0.0098 0.9998
1779439344.2026 63.4915 -2.8095 -0.8702 0.0086 -0.0089 -0.0123 0.9998
1779439344.3030 63.7605 -2.8233 -0.8673 0.0068 -0.0047 -0.0157 0.9998
1779439344.4047 64.0277 -2.8521 -0.9202 0.0067 -0.0012 -0.0176 0.9998
1779439344.5046 64.2601 -2.8569 -0.9162 0.0033 0.0059 -0.0200 0.9998
1779439344.6043 64.5126 -2.8643 -0.9315 0.0008 0.0093 -0.0226 0.9997
1779439344.7047 64.7545 -2.8653 -0.9389 -0.0026 0.0149 -0.0234 0.9996
1779439344.8044 65.0336 -2.8822 -0.9467 -0.0061 0.0176 -0.0243 0.9995
1779439344.9041 65.2919 -2.8746 -0.9672 -0.0092 0.0151 -0.0215 0.9996
1779439345.0046 65.5412 -2.8883 -1.0043 -0.0078 0.0182 -0.0154 0.9997
1779439345.1032 65.7770 -2.8807 -1.0151 -0.0070 0.0198 -0.0126 0.9997
1779439345.2045 66.0469 -2.8698 -1.0311 -0.0062 0.0195 -0.0086 0.9998
1779439345.3044 66.3018 -2.8757 -1.1056 0.0021 0.0266 -0.0034 0.9996
1779439345.6025 67.1830 -2.8289 -1.0952 0.0019 0.0195 0.0177 0.9997
1779439345.8042 67.7724 -2.7912 -1.1312 0.0122 0.0205 0.0341 0.9991
1779439345.9027 68.0495 -2.7886 -1.1862 0.0178 0.0212 0.0392 0.9988
1779439346.0031 68.3370 -2.7569 -1.2133 0.0191 0.0213 0.0376 0.9989
1779439346.1028 68.6367 -2.7353 -1.2598 0.0212 0.0225 0.0366 0.9989
1779439346.2030 68.9503 -2.7391 -1.2761 0.0175 0.0268 0.0350 0.9989
1779439346.3025 69.2580 -2.7354 -1.3273 0.0198 0.0298 0.0294 0.9989
1779439346.4032 69.5867 -2.7204 -1.3425 0.0204 0.0317 0.0265 0.9989
1779439346.6029 70.2370 -2.6680 -1.3800 0.0279 0.0337 0.0212 0.9988
1779439346.7044 70.5724 -2.6821 -1.4308 0.0289 0.0326 0.0180 0.9989
1779439346.8046 70.9100 -2.6819 -1.4619 0.0292 0.0323 0.0094 0.9990
1779439346.9042 71.2549 -2.7145 -1.5160 0.0280 0.0316 0.0034 0.9991
1779439347.0046 71.6245 -2.7631 -1.5385 0.0272 0.0321 -0.0042 0.9991
1779439347.1046 71.9837 -2.8078 -1.5825 0.0259 0.0324 -0.0124 0.9991
1779439347.2055 72.3343 -2.8265 -1.5993 0.0215 0.0324 -0.0194 0.9991
1779439347.3064 72.7113 -2.8690 -1.6389 0.0179 0.0302 -0.0253 0.9991
1779439347.4054 73.0701 -2.8939 -1.6186 0.0111 0.0295 -0.0276 0.9991
1779439347.5064 73.4369 -2.8881 -1.7200 0.0095 0.0272 -0.0312 0.9991
1779439347.6062 73.8223 -2.8853 -1.7353 0.0040 0.0281 -0.0348 0.9990
1779439347.7052 74.1933 -2.9165 -1.7855 0.0011 0.0316 -0.0333 0.9989
1779439347.8054 74.5631 -2.9099 -1.7983 -0.0015 0.0332 -0.0307 0.9990
1779439347.9052 74.9673 -2.8850 -1.8468 -0.0019 0.0332 -0.0236 0.9992
1779439348.0042 75.3318 -2.8952 -1.8912 -0.0003 0.0330 -0.0151 0.9993
1779439348.1029 75.7489 -2.8972 -1.9184 0.0027 0.0334 -0.0099 0.9994
1779439348.2025 76.1538 -2.9578 -1.9841 0.0069 0.0336 -0.0039 0.9994
1779439348.3023 76.5733 -2.9833 -2.0045 0.0082 0.0326 -0.0027 0.9994
1779439348.4025 76.9762 -2.9694 -2.0855 0.0118 0.0316 -0.0028 0.9994
1779439348.6023 77.7928 -2.9906 -2.1515 0.0176 0.0316 -0.0043 0.9993
1779439348.8011 78.6486 -3.0843 -2.2226 0.0166 0.0318 -0.0135 0.9993
1779439348.9023 79.0591 -3.0686 -2.3066 0.0134 0.0312 -0.0223 0.9992
1779439349.1022 79.8835 -3.0757 -2.3720 0.0077 0.0334 -0.0310 0.9989
1779439349.2024 80.3236 -3.0611 -2.3892 0.0046 0.0342 -0.0261 0.9991
1779439349.3010 80.7732 -3.1045 -2.4168 0.0049 0.0336 -0.0207 0.9992
1779439349.4023 81.2319 -3.1177 -2.4805 0.0067 0.0286 -0.0180 0.9994
1779439349.5024 81.6988 -3.1490 -2.5074 0.0083 0.0289 -0.0160 0.9994
1779439349.6011 82.1501 -3.1730 -2.6270 0.0124 0.0303 -0.0154 0.9993
1779439349.7022 82.6064 -3.1965 -2.6294 0.0148 0.0324 -0.0137 0.9993
1779439349.8026 83.0830 -3.2303 -2.6478 0.0166 0.0314 -0.0120 0.9993
1779439349.9012 83.5684 -3.2662 -2.7254 0.0180 0.0297 -0.0142 0.9993
1779439350.0025 84.0593 -3.3466 -2.7572 0.0186 0.0304 -0.0221 0.9991
1779439350.1010 84.5145 -3.3643 -2.7885 0.0147 0.0289 -0.0302 0.9990
1779439350.2022 84.9808 -3.3970 -2.8178 0.0093 0.0278 -0.0349 0.9990
1779439350.3004 85.4507 -3.4161 -2.9032 0.0075 0.0282 -0.0362 0.9989
1779439350.4010 85.9466 -3.4607 -2.9470 0.0051 0.0287 -0.0332 0.9990
1779439350.5023 86.4355 -3.4936 -2.9737 0.0037 0.0300 -0.0308 0.9991
1779439350.6010 86.9328 -3.5203 -3.0300 0.0028 0.0288 -0.0284 0.9992
1779439350.7011 87.4312 -3.5789 -3.0781 0.0031 0.0297 -0.0251 0.9992
1779439350.8024 87.9363 -3.5866 -3.1295 0.0034 0.0295 -0.0240 0.9993
1779439350.9028 88.4432 -3.6080 -3.1777 0.0033 0.0292 -0.0226 0.9993
1779439351.0023 88.9418 -3.6469 -3.2168 0.0038 0.0296 -0.0198 0.9994
1779439351.2021 89.9721 -3.7134 -3.3186 0.0070 0.0291 -0.0184 0.9994
1779439351.3023 90.5035 -3.7406 -3.3731 0.0078 0.0285 -0.0197 0.9994
1779439351.4010 91.0164 -3.7712 -3.4272 0.0065 0.0273 -0.0214 0.9994
1779439351.6023 92.0767 -3.8556 -3.5096 0.0035 0.0292 -0.0274 0.9992
1779439351.8023 93.1421 -3.9651 -3.6058 -0.0066 0.0271 -0.0290 0.9992
1779439351.9025 93.6584 -4.0039 -3.6706 -0.0088 0.0269 -0.0264 0.9993
1779439352.0023 94.1997 -4.0305 -3.7069 -0.0103 0.0265 -0.0208 0.9994
1779439352.1023 94.7279 -4.0353 -3.7463 -0.0103 0.0268 -0.0140 0.9995
1779439352.2022 95.2644 -4.0244 -3.8041 -0.0073 0.0249 -0.0075 0.9996
1779439352.3022 95.8047 -4.0361 -3.8512 -0.0012 0.0261 -0.0023 0.9997
1779439352.4041 96.3514 -4.0532 -3.9022 0.0033 0.0249 0.0012 0.9997
1779439352.5024 96.8834 -4.0255 -3.9333 0.0068 0.0244 -0.0002 0.9997
1779439352.6027 97.4337 -4.0829 -3.9935 0.0101 0.0243 -0.0021 0.9997
1779439352.8026 98.5219 -4.1173 -4.0876 0.0138 0.0250 -0.0075 0.9996
1779439352.9025 99.0409 -4.1385 -4.1135 0.0136 0.0255 -0.0095 0.9995
1779439353.2024 100.6212 -4.2739 -4.2314 0.0027 0.0234 -0.0272 0.9994
1779439353.3022 101.1279 -4.2937 -4.2874 -0.0031 0.0227 -0.0306 0.9993
1779439353.4023 101.6387 -4.2689 -4.3150 -0.0051 0.0230 -0.0282 0.9993
1779439353.5024 102.1443 -4.2772 -4.3477 -0.0065 0.0233 -0.0193 0.9995
1779439353.6022 102.6537 -4.3001 -4.4006 -0.0034 0.0213 -0.0118 0.9997
1779439353.7024 103.1570 -4.3122 -4.3991 -0.0020 0.0187 -0.0053 0.9998
1779439353.8028 103.6604 -4.3685 -4.4572 0.0005 0.0175 -0.0011 0.9998
1779439353.9023 104.1243 -4.4049 -4.5194 0.0040 0.0155 -0.0046 0.9999
1779439354.0024 104.6083 -4.4324 -4.5352 0.0044 0.0158 -0.0078 0.9998
1779439354.1021 105.0794 -4.4595 -4.5516 0.0031 0.0166 -0.0084 0.9998
1779439354.2024 105.5416 -4.4925 -4.6003 0.0042 0.0165 -0.0092 0.9998
1779439354.3041 105.9923 -4.5211 -4.6231 0.0028 0.0156 -0.0104 0.9998
1779439354.4023 106.4362 -4.5474 -4.6403 0.0008 0.0156 -0.0119 0.9998
1779439354.5025 106.8685 -4.5509 -4.6929 0.0023 0.0161 -0.0114 0.9998
1779439354.6037 107.3088 -4.5703 -4.7164 0.0013 0.0170 -0.0072 0.9998
1779439354.7027 107.7194 -4.5986 -4.7561 0.0048 0.0191 -0.0032 0.9998
1779439354.8038 108.1491 -4.6248 -4.7937 0.0071 0.0193 -0.0008 0.9998
1779439354.9041 108.5561 -4.6290 -4.7860 0.0094 0.0208 0.0017 0.9997
1779439355.0029 108.9453 -4.6478 -4.8464 0.0144 0.0211 0.0031 0.9997
1779439355.2039 109.6926 -4.6296 -4.8897 0.0183 0.0200 -0.0039 0.9996
1779439355.3042 110.0948 -4.6890 -4.9509 0.0175 0.0184 -0.0131 0.9996
1779439355.4042 110.4818 -4.7354 -4.9624 0.0149 0.0211 -0.0188 0.9995
1779439355.5050 110.8452 -4.7573 -5.0250 0.0126 0.0205 -0.0260 0.9994
1779439355.6052 111.2222 -4.8127 -5.0359 0.0075 0.0218 -0.0307 0.9993
1779439355.7039 111.5478 -4.8096 -5.0563 0.0039 0.0222 -0.0353 0.9991
1779439355.8052 111.9497 -4.8640 -5.0965 0.0026 0.0215 -0.0350 0.9992
1779439355.9056 112.3175 -4.9005 -5.0605 -0.0003 0.0250 -0.0284 0.9993
1779439356.0040 112.6779 -4.8948 -5.0699 -0.0006 0.0111 -0.0245 0.9996
1779439356.2040 113.3461 -4.8849 -5.1459 0.0010 0.0021 -0.0186 0.9998
1779439356.3050 113.6528 -4.8966 -5.1898 0.0045 0.0087 -0.0196 0.9998
1779439356.4056 114.0078 -4.9146 -5.1908 0.0052 0.0138 -0.0220 0.9996
