1.000000000000000000e+00 0.000000000000000000e+00 0.000000000000000000e+00 0.000000000000000000e+00 0.000000000000000000e+00 1.000000000000000000e+00 0.000000000000000000e+00 0.000000000000000000e+00 0.000000000000000000e+00 0.000000000000000000e+00 1.000000000000000000e+00 0.000000000000000000e+00
9.999521564348042846e-01 -9.781494231746509088e-03 8.492337172058789067e-05 1.739351269536949796e-01 9.781855535160408066e-03 9.999243590374675694e-01 -7.455971150627105880e-03 3.302643424781608050e-02 -1.198640923308202927e-05 7.456445138538992691e-03 9.999722002546980182e-01 8.907644676993540372e-03
9.996997265294098600e-01 -2.435621177293252268e-02 -2.689186697703092009e-03 4.446634104790898601e-01 2.432528340759259125e-02 9.996436867633741175e-01 -1.099000005775083340e-02 2.043210681370201398e-02 2.955903273678062160e-03 1.092128482373415192e-02 9.999359920383081857e-01 3.505573270020148277e-03
9.996099832740529267e-01 -2.650166961622070147e-02 -8.805841606583044226e-03 6.435465515123331981e-01 2.641070061768747632e-02 9.995982038838024941e-01 -1.029104878809209041e-02 8.558415977871886016e-02 9.075033428612095179e-03 1.005446666057895587e-02 9.999082715271641053e-01 -1.093820325625065662e-02
9.998959845847532613e-01 -1.068731785598522020e-02 -9.685104456428044600e-03 8.761881107472107022e-01 1.059474914467175601e-02 9.998981806165786468e-01 -9.559272473226656380e-03 7.348446997564805905e-02 9.786281308457264044e-03 9.455666909375100987e-03 9.999074052438309268e-01 -2.127247771454832126e-02
9.999623979912186655e-01 -5.138530620239147896e-03 -6.985564165946943349e-03 1.122159644911272736e+00 5.154412542918772148e-03 9.999841678829204383e-01 2.257435456565095536e-03 2.662359476167647926e-02 6.973853668460427979e-03 -2.293357052013555563e-03 9.999730525761396649e-01 -3.433464037070754760e-02
9.999705295368885860e-01 -5.794595697885139909e-03 -5.036141222464761945e-03 1.656347000153677529e+00 5.881289712531273181e-03 9.998317714441147253e-01 1.737352129652672619e-02 9.942054232048152043e-03 4.934621467937703489e-03 -1.740262829637078193e-02 9.998363856348430057e-01 -4.957831905826267510e-02
9.997204397133637732e-01 -2.199188790529884446e-02 -8.683276206558445884e-03 1.959448383614096567e+00 2.215211955885916517e-02 9.995776564614571313e-01 1.880936740220818387e-02 7.289891834277809762e-03 8.265955381480278100e-03 -1.899646202275605267e-02 9.997853811755047504e-01 -3.763953427613958569e-02
9.990861713873000483e-01 -4.101741211643428198e-02 -1.201640736398370234e-02 2.199545917563758834e+00 4.115355381081878261e-02 9.990888162863272859e-01 1.131026879986947627e-02 3.529482805906136722e-02 1.154154025278488795e-02 -1.179445101968924943e-02 9.998638326160905754e-01 -5.394744065019847767e-02
9.976766247713712010e-01 -6.685430510077573774e-02 -1.310932013100027556e-02 2.468751340005078010e+00 6.688997413896625999e-02 9.977577042396337248e-01 2.301084558213863270e-03 5.446142509709876733e-02 1.292608774893173711e-02 -3.172620359894367040e-03 9.999114214446992444e-01 -5.030853417723746279e-02
9.959851856835574280e-01 -8.879500955355208724e-02 -1.135588733980361781e-02 2.733215190154856700e+00 8.867362728712328834e-02 9.960023931923639440e-01 -1.078056486590485939e-02 1.065297276120291403e-01 1.226775132752798078e-02 9.730315178257576900e-03 9.998774041070723761e-01 -5.344555442446186772e-02
9.945133854164244225e-01 -1.037873236538413152e-01 -1.308883785273381138e-02 2.977164435353448546e+00 1.035393937152642857e-01 9.944555258185696633e-01 -1.837936663727913686e-02 1.948540789445448729e-01 1.492381240293030355e-02 1.692331580054070098e-02 9.997454081943448756e-01 -5.930554609489018664e-02
9.948487602257628515e-01 -1.003431359705778819e-01 -1.439442047644494058e-02 3.233446699110575473e+00 9.996486188287791175e-02 9.946780113448525640e-01 -2.495355958147912889e-02 2.422842458336866289e-01 1.682173195600615567e-02 2.338608155804233063e-02 9.995849741384476017e-01 -6.715269815268018472e-02
9.959467011167935091e-01 -8.916058743437088596e-02 -1.185572363604631835e-02 3.495017019875741759e+00 8.885902694430891646e-02 9.957572415331050752e-01 -2.390793309535683628e-02 2.419732011628450141e-01 1.393706802333196867e-02 2.275753903082193205e-02 9.996438628592553277e-01 -7.554174321224016442e-02
9.959908951784206543e-01 -8.884456144549572609e-02 -1.042979497620744565e-02 3.801789384298329910e+00 8.864087803529045739e-02 9.958901162611423219e-01 -1.859223156324232851e-02 2.253636328597575511e-01 1.203874839096447970e-02 1.759318717361912227e-02 9.997727483294656103e-01 -9.158784661924200543e-02
9.965166405086737234e-01 -8.271600573768726761e-02 -1.061355661922854660e-02 4.067266738126941839e+00 8.250744366944413877e-02 9.964135155076261352e-01 -1.877838791981898889e-02 2.802441562704577893e-01 1.212876450592501737e-02 1.783727861913322540e-02 9.997673352150605597e-01 -9.495689512776438190e-02
9.968121778714993386e-01 -7.942092736620377791e-02 -7.602522171654317942e-03 4.353367469836293857e+00 7.926572891575107971e-02 9.966741942642434182e-01 -1.890753043567174052e-02 2.851445366627716749e-01 9.078891261215386518e-03 1.824463713021926697e-02 9.997923319117093532e-01 -9.859748035854232207e-02
9.968483712958771115e-01 -7.847438494791919572e-02 -1.162306120619214372e-02 4.645161717218996067e+00 7.820672277916196347e-02 9.966959953577140263e-01 -2.192718290248599558e-02 3.021933020393517411e-01 1.330538074992242831e-02 2.094907503785206973e-02 9.996920041183474659e-01 -1.216351838178501982e-01
9.972297504620349917e-01 -7.363775311654791045e-02 -1.050267153508210351e-02 4.913004281489742553e+00 7.332137613904107787e-02 9.969190981026795351e-01 -2.786193889910149740e-02 3.239116340948471340e-01 1.252200441242311453e-02 2.701468404565089687e-02 9.995566048260643432e-01 -1.241664901067066062e-01
9.975051412386840566e-01 -7.032543541135231890e-02 -6.150311910515184402e-03 5.191463362071684351e+00 7.007024326556636484e-02 9.969331601844119151e-01 -3.484874651154613867e-02 3.267799191823296812e-01 8.582203161034057670e-03 3.433084995926202754e-02 9.993736731223098468e-01 -1.465691538547298500e-01
9.976704919660941417e-01 -6.821694477755946284e-02 1.946929559248993490e-04 5.480815010806286303e+00 6.817732310367410897e-02 9.969853058451586536e-01 -3.704257743803385239e-02 3.407989893523756808e-01 2.332825443300141563e-03 3.696956010085747368e-02 9.993136692507513796e-01 -1.227956468765995512e-01
9.977070493904544035e-01 -6.758597139577886270e-02 -3.574921968708060383e-03 6.059784015881573005e+00 6.739734388462313708e-02 9.969729055047792388e-01 -3.876369082861526316e-02 3.635667607732882556e-01 6.183982041633347138e-03 3.843386735481583993e-02 9.992420108293391667e-01 -1.585600006302984866e-01
9.980461156236851705e-01 -6.239174628596970418e-02 -3.349788629264146243e-03 6.348815451525845255e+00 6.222867892714016580e-02 9.973954966343508977e-01 -3.646662600926246084e-02 3.713281466799674413e-01 5.616280571380261218e-03 3.618692151736178225e-02 9.993292571038034922e-01 -1.319937383586896607e-01
9.986565447156485753e-01 -5.064887913197402974e-02 -1.094516967783447717e-02 6.626250051492495352e+00 5.029273693683914553e-02 9.982633222072517798e-01 -3.067539970632154889e-02 3.917749179059120124e-01 1.247983605676759172e-02 3.008372613915009930e-02 9.994694708261883109e-01 -1.472565711414332845e-01
9.992505204669764884e-01 -3.523736304224822646e-02 -1.602265871525145394e-02 6.919771210145212237e+00 3.475972541649262337e-02 9.989698876488715129e-01 -2.917061980436931948e-02 3.866072138314434192e-01 1.703404929682491784e-02 2.859181380447601770e-02 9.994460212277216371e-01 -1.980436439766561085e-01
9.994159624584174617e-01 -3.142162773269761150e-02 -1.343187603959200040e-02 7.222762697876382809e+00 3.118145938281194698e-02 9.993564599182820363e-01 -1.773083783573864772e-02 3.574719738720348317e-01 1.398036387485126521e-02 1.730165686363535973e-02 9.997525704371555966e-01 -1.764077594509060321e-01
9.996833137466700769e-01 -2.212789280572854608e-02 -1.198451402664613315e-02 7.801048340673652604e+00 2.191999102171144145e-02 9.996115959870432999e-01 -1.720962410525796529e-02 3.716912466545415628e-01 1.236067191073287642e-02 1.694147361401519489e-02 9.997800759475560239e-01 -2.182461262206350783e-01
9.995398534010326852e-01 -2.715020324639795882e-02 -1.352582443777011756e-02 8.110590077387225705e+00 2.696749614960062755e-02 9.995449850749221765e-01 -1.351210431409060990e-02 3.649235670040131829e-01 1.388652636419104164e-02 1.314112914679984971e-02 9.998172208510331949e-01 -1.982027354302291211e-01
9.994112168721751566e-01 -2.940225989217566671e-02 -1.768408050510259302e-02 8.394508007254412263e+00 2.913400723045510288e-02 9.994593265170524932e-01 -1.524021852782121017e-02 3.817208563673684663e-01 1.812261605767172615e-02 1.471603721498805639e-02 9.997274673809424250e-01 -1.894575764600825163e-01
9.992522266705106126e-01 -3.223655763053464435e-02 -2.134928209939660274e-02 8.693208425448029075e+00 3.173706848044394874e-02 9.992238017746889467e-01 -2.333564764913893808e-02 3.693304071093226892e-01 2.208497177480670329e-02 2.264063424620368220e-02 9.994997027026248926e-01 -2.296122860134477695e-01
9.991887069025477963e-01 -3.463635485942405390e-02 -2.054874498519349696e-02 8.978676588551447679e+00 3.402482879667084736e-02 9.989885169250365404e-01 -2.939819853789058315e-02 3.845709388582013166e-01 2.154620671421541428e-02 2.867518045223160436e-02 9.993565404810538233e-01 -2.263529823315205414e-01
9.992798466806427360e-01 -3.308672618262128301e-02 -1.857569832946510957e-02 9.259328712977849207e+00 3.239685047319795091e-02 9.988161843628127201e-01 -3.628600190609407306e-02 4.024151321801968662e-01 1.975429313664002484e-02 3.565807630016028240e-02 9.991687892930021242e-01 -2.146540368950176636e-01
9.993306339786931503e-01 -3.360881690585860310e-02 -1.444754020350180572e-02 9.569698911648643502e+00 3.297476964492834089e-02 9.985696687993811382e-01 -4.208659074762628044e-02 3.745256772831139780e-01 1.584135595860531459e-02 4.158201510368086246e-02 9.990095031886884192e-01 -2.313581763604004582e-01
9.994302589149095528e-01 -2.949660743010576111e-02 -1.640450289984666035e-02 9.858729798809028111e+00 2.873012874847983775e-02 9.985672171715744838e-01 -4.514523775896479851e-02 3.655897174303106567e-01 1.771263016529787612e-02 4.464821318184993004e-02 9.988457337308376260e-01 -2.696417583731832157e-01
9.997496869345020576e-01 -1.628530631600867695e-02 -1.534119527803702761e-02 1.015356330312419075e+01 1.559854969056205694e-02 9.989155181935743810e-01 -4.386881306365327665e-02 3.420832027929398000e-01 1.603897508933049137e-02 4.361853172971847520e-02 9.989195037478382222e-01 -2.496390533016528135e-01
9.998757673030166382e-01 -6.427640323885603323e-03 -1.439219927844627607e-02 1.045673245429270359e+01 5.817388928361331112e-03 9.990986057075850191e-01 -4.204918618969610833e-02 3.019635988629765233e-01 1.464950327690084896e-02 4.196023728515260731e-02 9.990118770769013112e-01 -2.539065476842098379e-01
9.998865802428632543e-01 1.650596962984857488e-03 -1.497004274870367656e-02 1.073434033371168361e+01 -2.236972699174701908e-03 9.992273819432938575e-01 -3.923818456419532474e-02 3.187977217492837800e-01 1.489371019509166429e-02 3.926722175576589924e-02 9.991177421566529437e-01 -2.781686650165777763e-01
9.998385558674610651e-01 1.261038264563609651e-02 -1.280001759376365143e-02 1.103943349193363765e+01 -1.307595754561917054e-02 9.992309829104831786e-01 -3.696568849642636184e-02 2.863081969045964681e-01 1.232402268478860648e-02 3.712709308955258053e-02 9.992345557593494965e-01 -2.683815507799444111e-01
9.996165442100781728e-01 2.245542374353188403e-02 -1.620242222629761017e-02 1.133268762772375560e+01 -2.299758835647428001e-02 9.991541341834013767e-01 -3.408998495164968640e-02 2.592738199430633106e-01 1.542321209369037008e-02 3.444952958627981593e-02 9.992874233372484039e-01 -2.958424142203172069e-01
9.993323494824922770e-01 3.359510406121948151e-02 -1.436051046856277359e-02 1.163992773348297227e+01 -3.395278591868371859e-02 9.990997323878133551e-01 -2.543487902388706992e-02 2.478639716350624633e-01 1.349309475850144456e-02 2.590547675136615699e-02 9.995733303105492906e-01 -2.713248673461911009e-01
9.989967604175871152e-01 4.231224089089189594e-02 -1.466788825827274913e-02 1.193874138877229996e+01 -4.262151866242806092e-02 9.988608697314655949e-01 -2.145621276479959399e-02 2.223579507447579484e-01 1.374331917967184201e-02 2.205985471600365594e-02 9.996621849344079491e-01 -3.124452763914354336e-01
9.985994657758240356e-01 5.067174114005875557e-02 -1.521451944931865967e-02 1.223356926484592755e+01 -5.093763306580740419e-02 9.985462309072655751e-01 -1.762901808232461218e-02 1.965768631756160956e-01 1.429910801036146477e-02 1.837931964814368616e-02 9.997288312934560217e-01 -3.172028728183554636e-01
9.985699327386974300e-01 5.120676488072432864e-02 -1.536088085636430969e-02 1.256100670851228962e+01 -5.142023261123584987e-02 9.985812091717377603e-01 -1.383937741794929663e-02 1.575982729429250551e-01 1.463041723395473725e-02 1.460944624413481122e-02 9.997862346381851673e-01 -3.129744135501674185e-01
9.988906511891579854e-01 4.377709016141241583e-02 -1.735031250149599719e-02 1.314503626757352883e+01 -4.411838661278993934e-02 9.988300395804510234e-01 -1.980201995754298991e-02 1.361904384061453088e-01 1.646313850954299329e-02 2.054552040504454072e-02 9.996533632523333379e-01 -3.312384403197063953e-01
9.987888402597041582e-01 4.486891927416773035e-02 -2.018991470619537973e-02 1.344602397299011187e+01 -4.530173901060965264e-02 9.987416060822345010e-01 -2.151642913899532578e-02 1.287619163963939772e-01 1.919908891822296945e-02 2.240500755293377971e-02 9.995646105286356553e-01 -3.379078837886669850e-01
9.987660817564367743e-01 4.638279747604633074e-02 -1.774683158174158656e-02 1.374904253841944701e+01 -4.677171489174045127e-02 9.986596414666057964e-01 -2.216590155793780187e-02 1.105453754325593091e-01 1.669492794175448172e-02 2.296860039459339142e-02 9.995967800953208249e-01 -3.408960876715956267e-01
9.985450742905983557e-01 5.124772508100239321e-02 -1.677513886694965289e-02 1.436244293556826257e+01 -5.156023484456442874e-02 9.984936820941651137e-01 -1.875923774596648455e-02 7.722018897057930653e-02 1.578850191616704840e-02 1.959687454821120237e-02 9.996832927058373341e-01 -3.587015610176951252e-01
9.986369495549377584e-01 4.977518086877854436e-02 -1.570587002012464178e-02 1.466740598652729766e+01 -5.001307115181354707e-02 9.986338684412247035e-01 -1.513570335591554739e-02 4.652062263447623303e-02 1.493103136331525374e-02 1.590057142353756489e-02 9.997620897647763183e-01 -3.716295168702625773e-01
9.985723112800212187e-01 5.167083008829307517e-02 -1.354490542097136832e-02 1.495040949318457102e+01 -5.183869505877459344e-02 9.985791091675030318e-01 -1.234959225397510435e-02 4.428280572745346699e-02 1.288754590601682432e-02 1.303411110213544347e-02 9.998319974417189115e-01 -3.649661157766318498e-01
9.985604237899553537e-01 5.241063653199489608e-02 -1.141075013905733931e-02 1.523705346544953976e+01 -5.251860131651498592e-02 9.985759214124100280e-01 -9.376870006201338745e-03 3.338613978906565527e-02 1.090305260841318430e-02 9.962647924491250737e-03 9.998909285967898519e-01 -3.784242973911355334e-01
9.985962026175949635e-01 5.222252567532028461e-02 -8.856180317147613681e-03 1.553492503082449794e+01 -5.229949754829995440e-02 9.985935951980623448e-01 -8.694491681730210850e-03 1.819288331414314897e-02 8.389676627539735879e-03 9.145460157850020602e-03 9.999229839765593209e-01 -4.026620639162097892e-01
9.989959296241064379e-01 4.395362148682868675e-02 -8.672470966228085221e-03 1.584351229448264142e+01 -4.400439663271578372e-02 9.990147704969455367e-01 -5.753382129306243258e-03 3.151564125951590578e-02 8.411044611587162323e-03 6.129232180932624001e-03 9.999458419541601417e-01 -3.921242687973139907e-01
9.994206762367706665e-01 3.385106697959756189e-02 -3.523801183206791768e-03 1.612818142323029491e+01 -3.387675361326159679e-02 9.993978419778832833e-01 -7.504599561350227405e-03 2.743971160048794267e-02 3.267640595649654207e-03 7.619626912956433545e-03 9.999656313147192721e-01 -4.020830298554025073e-01
9.995826318637357488e-01 2.831916789209576110e-02 -5.708485461710883190e-03 1.644387655516117164e+01 -2.836387297533523796e-02 9.995663775241323545e-01 -7.908706159842893851e-03 3.352492926561582987e-02 5.482042156561678890e-03 8.067320074410213454e-03 9.999524316489313280e-01 -4.082353811801229804e-01
9.996482724039137402e-01 2.565708912590341367e-02 -6.711576376384175042e-03 1.673140718387848835e+01 -2.569716044833611490e-02 9.996520425806472154e-01 -5.953965840712279606e-03 2.035079489044962914e-02 6.556479601360719507e-03 6.124340121625153344e-03 9.999597517066932673e-01 -4.225705737039706644e-01
9.995284083933615449e-01 2.957471507202713568e-02 -8.264202504894660808e-03 1.704243652473514814e+01 -2.964252291988733745e-02 9.995268741114010647e-01 -8.206629273657763124e-03 2.222782330661229877e-02 8.017583774270786376e-03 8.447730908339442374e-03 9.999321747963323403e-01 -4.151615620696233466e-01
9.994950661777314282e-01 2.872027853223101460e-02 -1.359258207270839375e-02 1.735488886014184118e+01 -2.885608882707188169e-02 9.995345190950767345e-01 -9.903094212305167676e-03 -4.981979340061240547e-03 1.330183536119661572e-02 1.029032256077160035e-02 9.998585752183249964e-01 -4.302908896946446293e-01
9.994764201546446625e-01 2.834915192526903105e-02 -1.559522811549189127e-02 1.767753571780208333e+01 -2.857953883036060128e-02 9.994826326233317015e-01 -1.475388235611812919e-02 -3.642036518259903627e-02 1.516889960083209719e-02 1.519186194817075293e-02 9.997695293493633617e-01 -4.407178880924098041e-01
9.994735062213574439e-01 2.888189072439004135e-02 -1.478332674909571716e-02 1.798357230303879817e+01 -2.916815074598053115e-02 9.993837305105052193e-01 -1.952890608727453348e-02 -2.398902147352949960e-02 1.421018450428747880e-02 1.994982654286060059e-02 9.996999925363928563e-01 -4.551449960350029134e-01
9.996027325420728804e-01 2.533160181467821251e-02 -1.235665990159780063e-02 1.831166611297829050e+01 -2.561832390111020916e-02 9.993925855288878779e-01 -2.362544116799600996e-02 -7.115146369858800501e-02 1.175068401919517579e-02 2.393261246473578352e-02 9.996445125571858936e-01 -4.668272944842322691e-01
9.996296374512109173e-01 2.467075101722860861e-02 -1.148659973214821370e-02 1.861018946676161789e+01 -2.495139872475540463e-02 9.993768569427652348e-01 -2.496648771609662198e-02 -6.987589501051692797e-02 1.086349993505537556e-02 2.524384779398027717e-02 9.996222949282971282e-01 -4.714130750561855154e-01
9.997028677251578177e-01 2.102394335409162734e-02 -1.233572324347270537e-02 1.921716855554115000e+01 -2.132694473128653873e-02 9.994607271910018742e-01 -2.496830453319611245e-02 -6.791806048381872352e-02 1.180413870319454821e-02 2.522396893190520170e-02 9.996121316294626080e-01 -4.632132234802477933e-01
9.994853034285319238e-01 2.638487310075322834e-02 -1.824737520392128234e-02 1.982189012784116855e+01 -2.680679501046548396e-02 9.993695717206863005e-01 -2.327777609822271124e-02 -8.514327654085260266e-02 1.762169037415012643e-02 2.375494875324412128e-02 9.995624935130811295e-01 -4.904095762563833727e-01
9.993249196976631277e-01 3.352399762834489677e-02 -1.502818865578787674e-02 2.015102206081576242e+01 -3.386272487115215418e-02 9.991645144491839714e-01 -2.288206568094433221e-02 -1.347926848521897591e-01 1.424853450569141949e-02 2.337551386688906455e-02 9.996252120749551384e-01 -5.047448664286264819e-01
9.990630087586728214e-01 4.143120928526011770e-02 -1.251237096752285359e-02 2.047576162926579357e+01 -4.163564186756402163e-02 9.989958559655992554e-01 -1.654548548201785138e-02 -1.588385368313001422e-01 1.181430727312789315e-02 1.705094310355558321e-02 9.997848205903785423e-01 -4.995911392257370576e-01
9.988924141124988498e-01 4.576859113185495487e-02 -1.091700940318781829e-02 2.077558287116137592e+01 -4.589221889699431067e-02 9.988818466472698665e-01 -1.135608573631368898e-02 -1.475557382302344622e-01 1.038505046759822387e-02 1.184451368124653584e-02 9.998759214134722573e-01 -5.063162706516307621e-01
9.987834678231527485e-01 4.781989672951762749e-02 -1.203502720958406561e-02 2.111003639525738862e+01 -4.794089464514703081e-02 9.988003712436079873e-01 -9.974418492014275328e-03 -1.927324862358457958e-01 1.154361398263437435e-02 1.053925426247954641e-02 9.998778270847947791e-01 -5.276749886531837408e-01
9.990358690064066183e-01 3.959002378266463645e-02 -1.897267655081695190e-02 2.199795027853033602e+01 -3.986939254272895555e-02 9.990985233120336373e-01 -1.457985781781185979e-02 -1.964916758711622580e-01 1.837835620744302303e-02 1.532223001399827221e-02 9.997136916590221301e-01 -5.353344855052674101e-01
9.988404025950158305e-01 4.439593132600409137e-02 -1.862394763532579031e-02 2.231761820234395088e+01 -4.465118104221999645e-02 9.989111351380777215e-01 -1.352095147139651711e-02 -2.130264735372212059e-01 1.800339344016904999e-02 1.433685386874312441e-02 9.997351311451372347e-01 -5.336668144633087696e-01
9.982181340368253553e-01 5.662850779685431324e-02 -1.880874755905061549e-02 2.260351389226661567e+01 -5.687217023484766876e-02 9.983009126552256918e-01 -1.268243054473435459e-02 -2.293916973047138153e-01 1.805860273711642691e-02 1.372952644649896685e-02 9.997426603735273254e-01 -5.356103991641829598e-01
9.982970070003281959e-01 5.532884385149204609e-02 -1.848796506497850725e-02 2.294423169645731875e+01 -5.559249903206613108e-02 9.983544761770749565e-01 -1.406463467595538142e-02 -2.414054286512914982e-01 1.767936270221246234e-02 1.506847488153897907e-02 9.997301541912138045e-01 -5.794869196093195285e-01
9.987841466684251879e-01 4.662266814309951046e-02 -1.601733994907402966e-02 2.324242824521763140e+01 -4.682259171277763921e-02 9.988269736918999886e-01 -1.234186091232246374e-02 -2.508730911174470446e-01 1.542314070234448130e-02 1.307682838837464015e-02 9.997955407432944641e-01 -5.601009335007836043e-01
9.990168529368417261e-01 4.091976353343828449e-02 -1.705580547896504498e-02 2.355375471162823331e+01 -4.119533430358576082e-02 9.990208809001611678e-01 -1.613145861606401013e-02 -2.467816959506253793e-01 1.637901034203867109e-02 1.681821862842406215e-02 9.997243997934540660e-01 -5.569578842462633572e-01
9.993467100674036097e-01 3.109232292490625091e-02 -1.842336919757125643e-02 2.385237317191971229e+01 -3.138799977692653675e-02 9.993794723109121758e-01 -1.598323476541237825e-02 -2.678103196338270653e-01 1.791498109014708420e-02 1.655106578731341260e-02 9.997025135878391255e-01 -5.704198961840923898e-01
9.994247386137816713e-01 2.727341124209862674e-02 -2.015819649655122350e-02 2.417631458164364489e+01 -2.763895637127474977e-02 9.994543929094700241e-01 -1.808326808597926147e-02 -2.974708047855202930e-01 1.965400563450038149e-02 1.863001699360452776e-02 9.996332540133591182e-01 -5.686426848413731472e-01
9.994431835059035540e-01 2.597902355724812304e-02 -2.093832081607373274e-02 2.448780940523825578e+01 -2.641336944249213572e-02 9.994359019312208936e-01 -2.074154877585908732e-02 -2.915878973224675930e-01 2.038766436547605199e-02 2.128305114260796091e-02 9.995655930832062497e-01 -5.909905224730762630e-01
9.995702661960054192e-01 2.074222932290840926e-02 -2.071334979096324871e-02 2.481463846299349285e+01 -2.115222653556492888e-02 9.995806798336247523e-01 -1.977492897425071200e-02 -3.176022656614818085e-01 2.029448815405457754e-02 2.020456448588773407e-02 9.995898705591711453e-01 -5.935648723111182079e-01
9.996403899233324841e-01 1.854871385105521381e-02 -1.936584747434226192e-02 2.513053057894840947e+01 -1.899800834057724375e-02 9.995484551775692950e-01 -2.328006510356202957e-02 -3.578905255931174034e-01 1.892528766014333133e-02 2.363960588940521024e-02 9.995413961014193438e-01 -6.161532066950373698e-01
9.996649303991023139e-01 1.840120601184972587e-02 -1.820501434954956491e-02 2.542846226871155935e+01 -1.888614032146046506e-02 9.994614767382113962e-01 -2.683412417113322998e-02 -3.626033730472770777e-01 1.770143027882055756e-02 2.716895532741656419e-02 9.994741153389120614e-01 -6.251673782484602482e-01
9.995742844960519013e-01 2.276818372496874909e-02 -1.824443981250176844e-02 2.574613826863842192e+01 -2.325097351430652215e-02 9.993729949643893606e-01 -2.670223148996225815e-02 -3.851860076508868969e-01 1.762503914443732528e-02 2.711506492289080666e-02 9.994769288229641280e-01 -5.937872383325399905e-01
9.993760159879363503e-01 2.920027094070055257e-02 -1.987266577662885961e-02 2.606263906973260802e+01 -2.982159410396083288e-02 9.990517380041942230e-01 -3.172218964537922015e-02 -4.221785650056116279e-01 1.892752475044017293e-02 3.229503007876714793e-02 9.992991443201745261e-01 -6.139166118531769190e-01
9.990213351504312334e-01 3.865850869859634165e-02 -2.149166395257196341e-02 2.635672522965215947e+01 -3.943879135066317987e-02 9.985310516080339038e-01 -3.715266762095117969e-02 -4.565836932341864607e-01 2.002382708296755395e-02 3.796391286148689814e-02 9.990784692251138965e-01 -6.495325533940411455e-01
9.984975182242047387e-01 4.929363468933065789e-02 -2.393415298728657908e-02 2.666946280442713402e+01 -5.016995318153778111e-02 9.980360954890468150e-01 -3.750903756083967533e-02 -4.707364629231803876e-01 2.203819180119659382e-02 3.865345625028882015e-02 9.990096237885002228e-01 -6.482105461344077613e-01
9.980377812196375986e-01 5.839064290775015931e-02 -2.260796494606474513e-02 2.698433454540580101e+01 -5.922546367182118798e-02 9.975131340192633367e-01 -3.820853192580248719e-02 -5.002026866877130606e-01 2.032072122343778556e-02 3.947252563349456372e-02 9.990140079143396967e-01 -6.443268782785485094e-01
9.973245024040470197e-01 6.987761839168216138e-02 -2.146987080600202061e-02 2.728789159744977866e+01 -7.063681767849866455e-02 9.968189093240391596e-01 -3.691208477297887314e-02 -5.436466020877661620e-01 1.882224462635932391e-02 3.832988992861163791e-02 9.990878553186831601e-01 -6.623275583704151259e-01
9.964921331859097897e-01 8.096417854137753778e-02 -2.117144991999599449e-02 2.759394647304640458e+01 -8.159325505370419729e-02 9.961908891688456835e-01 -3.076122667784554621e-02 -5.821997877108796571e-01 1.860024807189762305e-02 3.238076790480058642e-02 9.993025150781715826e-01 -6.593380310044780757e-01
9.956161820444978661e-01 9.094573090165143647e-02 -2.184701540031501812e-02 2.790804342885863321e+01 -9.138591830513963232e-02 9.956132307260030512e-01 -2.007258675051380725e-02 -6.215006545098723523e-01 1.992566151131609439e-02 2.198110174888784352e-02 9.995598027027905452e-01 -6.665936255430849888e-01
9.936280078652082182e-01 1.114494058316534975e-01 -1.680511605401862479e-02 2.850216218177245153e+01 -1.114194538087998343e-01 9.937697697251105522e-01 2.711105576948485193e-03 -6.536047726018957560e-01 1.700256741690363976e-02 -8.214135816033301708e-04 9.998551084937065125e-01 -6.881989987056124081e-01
9.935293288297076808e-01 1.125864481976928261e-01 -1.495875788355130118e-02 2.880821991286357786e+01 -1.124338976629511017e-01 9.936018334649960870e-01 1.067778962685058536e-02 -6.708992959346475882e-01 1.606522366814481378e-02 -8.926825708305607954e-03 9.998310959213391191e-01 -6.723929282647388428e-01
9.943733436533369607e-01 1.054297771595075622e-01 -1.030609139195139135e-02 2.911231484975963113e+01 -1.053058028154674058e-01 9.943685351435309627e-01 1.191235534637281185e-02 -6.821465022226125274e-01 1.150396997008301322e-02 -1.076003738864041853e-02 9.998759324387813674e-01 -6.726412498693136177e-01
9.951936590571625052e-01 9.724065783296931276e-02 -1.156872666405519764e-02 2.943696700485280715e+01 -9.706665802006742005e-02 9.951684813603173252e-01 1.475661234209811080e-02 -7.057755484568632998e-01 1.294777483707215682e-02 -1.356274939719322344e-02 9.998241880228529999e-01 -7.089624705528027038e-01
9.960196683159897590e-01 8.862618541219587087e-02 -9.498399180323430918e-03 2.974673114126036566e+01 -8.843842327449220886e-02 9.959072241556256033e-01 1.863990781517443907e-02 -7.188792979739783151e-01 1.111150828769186596e-02 -1.772569135237114096e-02 9.997811431756716827e-01 -6.796623060034460151e-01
9.965379597880529294e-01 8.245222852492027632e-02 -1.066417895289305424e-02 3.005441647885264089e+01 -8.225192679367999971e-02 9.964485316782638602e-01 1.802621022175976764e-02 -7.462136626481337132e-01 1.211260666380731786e-02 -1.708665349055496149e-02 9.997806414570655775e-01 -6.902239960527548623e-01
9.970717141828219221e-01 7.457512931372531351e-02 -1.692769518777766796e-02 3.038150811923387096e+01 -7.424618079817113525e-02 9.970532734235466599e-01 1.929441868197948745e-02 -7.843625734253741877e-01 1.831669766673151706e-02 -1.798110239199427612e-02 9.996705349980833377e-01 -7.353499117688376829e-01
9.980018436964352979e-01 6.103169766106501803e-02 -1.635395545806402756e-02 3.097651777432957587e+01 -6.073938834767041162e-02 9.979947254955635616e-01 1.781164187226197057e-02 -7.963000286046426623e-01 1.740823602973234213e-02 -1.678272217619021858e-02 9.997076040296432042e-01 -7.298460489920521876e-01
9.984727587440782592e-01 5.284604923642801516e-02 -1.610730039735818603e-02 3.129862253263576477e+01 -5.259033563758153812e-02 9.984894829510895242e-01 1.590625768659490943e-02 -8.283161880294671597e-01 1.692355292236916164e-02 -1.503487665951620290e-02 9.997437400855865297e-01 -7.416868160485851069e-01
9.988644311710718204e-01 4.478381190621266716e-02 -1.625602449678255346e-02 3.161168752183369079e+01 -4.449150904728225997e-02 9.988490555060037801e-01 1.791842452504339295e-02 -8.154446953934033626e-01 1.703977006847892661e-02 -1.717482185971781067e-02 9.997072930263639634e-01 -7.377241506127566462e-01
9.994369239270688432e-01 2.979279758377930895e-02 -1.543451662120884534e-02 3.193576877944573411e+01 -2.957770618757462125e-02 9.994646952252470573e-01 1.398149830975090220e-02 -8.081068254520011873e-01 1.584280239982586991e-02 -1.351710806481960271e-02 9.997831231830651699e-01 -7.335008435283013606e-01
9.998586064856852529e-01 5.342207601412981774e-03 -1.594452427784931806e-02 3.223180151055460385e+01 -5.194658711574163742e-03 9.999434376318819817e-01 9.281005215212325549e-03 -7.684968979390767174e-01 1.599320347440711179e-02 -9.196866579326737345e-03 9.998298030603750552e-01 -7.326851422890866550e-01
9.995954845702931246e-01 -1.970269932159755821e-02 -2.051026245867029404e-02 3.253977357051065411e+01 1.975794721902961876e-02 9.998016808211834805e-01 2.494503723472856187e-03 -7.492412847936853471e-01 2.045704642344198590e-02 -2.898735341334102416e-03 9.997865305079129961e-01 -7.479758495589607925e-01
9.989752098145494585e-01 -3.972834794952578158e-02 -2.168383142293680774e-02 3.286112919295311485e+01 3.962671016340620772e-02 9.992015526656643498e-01 -5.097155299867807583e-03 -7.233596634102903433e-01 2.186901958484489469e-02 4.232672882113908651e-03 9.997518844506724234e-01 -7.312660248137949903e-01
9.982475459020655473e-01 -5.460760087503455790e-02 -2.280015410422527727e-02 3.318763694421496524e+01 5.430824770631217241e-02 9.984322918610428754e-01 -1.354890402117896707e-02 -7.352175097223390132e-01 2.350428326014929875e-02 1.228692377197017523e-02 9.996482282146297305e-01 -7.616940215753962296e-01
9.982512082779598783e-01 -5.369956303204000830e-02 -2.471602924745575774e-02 3.351287043803099408e+01 5.306683756385454503e-02 9.982632485013420709e-01 -2.558119314104213837e-02 -7.374361352710168127e-01 2.604680254013154450e-02 2.422485545293896064e-02 9.993671599846172260e-01 -7.790985694590991661e-01
9.984074665579513175e-01 -5.022927067925737205e-02 -2.568172674029593414e-02 3.385402540865921850e+01 4.952577248546431027e-02 9.983987883085548853e-01 -2.733235013180343800e-02 -7.542083498351285220e-01 2.701348887225346260e-02 2.601691509459499660e-02 9.992964482814442606e-01 -7.848307493699295811e-01
9.993099168142278721e-01 -2.725136395268101461e-02 -2.523991520309615960e-02 3.416765825290733005e+01 2.661968383518759432e-02 9.993321290763593767e-01 -2.503374179433070362e-02 -7.702325890784832430e-01 2.590526180635160242e-02 2.434458786730810814e-02 9.993679294695799742e-01 -7.946422486825558407e-01
9.996179047914754978e-01 -1.078190454003989489e-02 -2.545181633577631858e-02 3.448675381772434179e+01 1.013986527883541620e-02 9.996304648473365306e-01 -2.522135764040032979e-02 -7.658685908798916753e-01 2.571434526539011917e-02 2.495364269174701888e-02 9.993578378959084851e-01 -8.009406862373008584e-01
9.995316728148637697e-01 -1.317062575915172243e-02 -2.762190538381670973e-02 3.480633066507143525e+01 1.275923943572580821e-02 9.998058235135730554e-01 -1.501722602106939954e-02 -7.716254211475342961e-01 2.781432812314495878e-02 1.465775854141531699e-02 9.995056344341434196e-01 -7.816257729663115272e-01
9.995086737433462876e-01 -1.516900303647581230e-02 -2.742831490807169301e-02 3.511072919956601623e+01 1.452938810904175204e-02 9.996212904148349399e-01 -2.337033655207147037e-02 -7.331119686359569565e-01 2.777243224843291627e-02 2.296033745962021422e-02 9.993505465604882732e-01 -7.997779098768561523e-01
9.992145416324326179e-01 -2.981205869093065536e-02 -2.610633920901225119e-02 3.543743150455119206e+01 2.906200152687089117e-02 9.991668329235545709e-01 -2.865379648084576125e-02 -7.207362480693738638e-01 2.693881692910174430e-02 2.787258764668398836e-02 9.992484270692340020e-01 -7.871100644597180951e-01
9.992621631351418232e-01 -2.973337682677965402e-02 -2.431163567006527221e-02 3.574711746219480801e+01 2.889509920480105507e-02 9.989994778362106809e-01 -3.413380325898548312e-02 -7.527280678126362368e-01 2.530222457456997309e-02 3.340613095608566813e-02 9.991215280665926013e-01 -8.161858004068203165e-01
9.994326359092073897e-01 -2.300122483028875162e-02 -2.460386018250219214e-02 3.606649053973955432e+01 2.201307610299428966e-02 9.989688964050188469e-01 -3.970602593842059713e-02 -7.862135544388744179e-01 2.549177828354448616e-02 3.914189151849020720e-02 9.989084450380312230e-01 -8.440849922612014833e-01
9.995310749947686757e-01 -2.101725800061308297e-02 -2.226892422048494871e-02 3.639290273936289566e+01 2.006436555345602474e-02 9.989084323062652482e-01 -4.218252128994682409e-02 -7.874901364207980148e-01 2.313117711529880452e-02 4.171592901488824917e-02 9.988617171118759908e-01 -8.272683459864407229e-01
9.996679483551680345e-01 -1.486437740688334105e-02 -2.104859414960505090e-02 3.670583751978015385e+01 1.384388914371399021e-02 9.987597864186712471e-01 -4.782505375121543639e-02 -7.915923756445166770e-01 2.173337904573538135e-02 4.751777895941500934e-02 9.986339273818102269e-01 -8.365051029140402328e-01
9.997016847463949807e-01 -2.177594664843670712e-03 -2.432693151006170770e-02 3.733886056846098001e+01 8.696196702731571505e-04 9.985595163091653959e-01 -5.364826325273462648e-02 -8.039414443252046460e-01 2.440871313381069371e-02 5.361110397931838356e-02 9.982635244529722840e-01 -8.468558302720615716e-01
9.996793277763091901e-01 5.625870934668720721e-03 -2.468990062622803544e-02 3.766958729772806436e+01 -6.992613924535224373e-03 9.984273061780029046e-01 -5.562389440374308769e-02 -8.153978734310991516e-01 2.433813812124834691e-02 5.577870430874865004e-02 9.981464778169726326e-01 -8.621756199403818322e-01
9.993592186367741270e-01 2.501294303412190251e-02 -2.560282809511441396e-02 3.799397502935354254e+01 -2.637526866823009658e-02 9.981744502362538407e-01 -5.433334241725834568e-02 -8.237888761418714623e-01 2.419705205959781988e-02 5.497380809371074650e-02 9.981945617440023399e-01 -8.813001250477053850e-01
9.983292888345657312e-01 5.222834332164388166e-02 -2.471499967523443225e-02 3.829213126790723010e+01 -5.332778050098972017e-02 9.975104985887268683e-01 -4.614057901790672572e-02 -8.501345674126081775e-01 2.224362564665665482e-02 4.738148751512483853e-02 9.986291682896837330e-01 -8.611830332247429887e-01
9.970414365637809695e-01 7.248932859435376630e-02 -2.556699072577298809e-02 3.862285816228195046e+01 -7.327909090402968950e-02 9.968158390028524218e-01 -3.143816071780364263e-02 -9.093887054061557951e-01 2.320665014841457457e-02 3.321867476253836937e-02 9.991786482085722731e-01 -8.962415398317975512e-01
9.953357692720634642e-01 9.288352476425676407e-02 -2.606448224993777874e-02 3.926842321669213476e+01 -9.341370560613446172e-02 9.954281442406562874e-01 -1.991705948511611479e-02 -1.004706649269700103e+00 2.409535250873213325e-02 2.225894159592749916e-02 9.994618319408246077e-01 -8.610196590843965936e-01
9.954517994899187983e-01 9.151129420925209479e-02 -2.648391822276884369e-02 3.956686599785635394e+01 -9.200423327192351619e-02 9.955953304957932959e-01 -1.803216445736611703e-02 -1.029117851013330531e+00 2.471711860893345894e-02 2.038678314790542609e-02 9.994865897652415176e-01 -8.660308837163888107e-01
9.946633513012780314e-01 9.947463119032462497e-02 -2.737910385055071852e-02 3.988188580447926057e+01 -9.995618591555241461e-02 9.948497038871154663e-01 -1.681747819782073231e-02 -1.092220812019849108e+00 2.556518091713542648e-02 1.946444001936741344e-02 9.994836452385834624e-01 -8.784288594525617722e-01
9.939298111130158153e-01 1.064016706202143142e-01 -2.796810808889516747e-02 4.019656471220490346e+01 -1.067685690203499099e-01 9.942118967547068920e-01 -1.196566006348518015e-02 -1.148336746299376987e+00 2.653305957087272182e-02 1.487914112560019021e-02 9.995371968612138946e-01 -8.898925860508147823e-01
9.929074869272188630e-01 1.157019970015694538e-01 -2.734538889325923219e-02 4.053512029889360946e+01 -1.159401037988135180e-01 9.932295043857591876e-01 -7.283127675631557996e-03 -1.190438894258273761e+00 2.631757464119973897e-02 1.040189922408480544e-02 9.995995126837231570e-01 -8.765887050068179587e-01
9.940961441563921364e-01 1.047788344632351459e-01 -2.818247721403571368e-02 4.117533603988587743e+01 -1.047288520251944827e-01 9.944955098106388336e-01 3.247848512862028247e-03 -1.255392254428405074e+00 2.836765282638999477e-02 -2.771551975880534070e-04 9.995975187334740220e-01 -9.075478196657442709e-01
9.948903369275435837e-01 9.640652149632558676e-02 -2.998333038835444830e-02 4.149302819160276812e+01 -9.626133042020898478e-02 9.953364595450343577e-01 6.252084939251272011e-03 -1.307720691583929007e+00 3.044624367520653435e-02 -3.333903618099638352e-03 9.995308456134484043e-01 -8.972224938964129537e-01
9.961034295476270950e-01 8.323347384025862883e-02 -2.915727140763337347e-02 4.181901577227326783e+01 -8.297362515377014469e-02 9.965014346624508912e-01 1.001340324359568934e-02 -1.342010000523122359e+00 2.988871312547689355e-02 -7.555100804105288788e-03 9.995246796750657525e-01 -9.082031972324918767e-01
9.961582256423633375e-01 8.231208726998921754e-02 -2.989163385156304656e-02 4.213476358809857913e+01 -8.213101287140260609e-02 9.965952588245972077e-01 7.237873517237886772e-03 -1.312863629216902472e+00 3.038562505158859742e-02 -4.755037075745566222e-03 9.995269398133461713e-01 -9.043691896752558135e-01
9.967205040387344672e-01 7.497592755330823033e-02 -3.044416391185924761e-02 4.243714909239557898e+01 -7.464645943940320660e-02 9.971400107607623076e-01 1.181968837103852983e-02 -1.377466216266406196e+00 3.124328602968340710e-02 -9.508376704149149386e-03 9.994665816576957518e-01 -9.102863040598376809e-01
9.975941466362638899e-01 6.437423727736135692e-02 -2.572695419248750143e-02 4.277260601572257315e+01 -6.406351336981516709e-02 9.978646824154370210e-01 1.272563721997571791e-02 -1.399270452536823584e+00 2.649122216470737451e-02 -1.104686212898930812e-02 9.995880061231843250e-01 -9.034204968345049824e-01
9.980513451078260045e-01 5.673418079849237156e-02 -2.597585913080028772e-02 4.308794459350214368e+01 -5.648108421062498358e-02 9.983497482015367686e-01 1.037628991116099596e-02 -1.403849919096416654e+00 2.652168273039043692e-02 -8.888925416052932335e-03 9.996087171239036451e-01 -9.013024896396131247e-01
9.985003411668879059e-01 4.509786307616641537e-02 -3.103629223299452303e-02 4.341827973310726208e+01 -4.484463977805443896e-02 9.989551466410213632e-01 8.807569618911185658e-03 -1.417893736162483931e+00 3.140106642751210042e-02 -7.402549924098867327e-03 9.994794521558890699e-01 -9.242185072891322406e-01
9.987973580384095218e-01 3.691174976018524179e-02 -3.227011473692995708e-02 4.374361342880581560e+01 -3.689686787125205647e-02 9.993185200176775140e-01 1.056735998317332500e-03 -1.415051571034703137e+00 3.228712927444195996e-02 1.352010363752153893e-04 9.994786255863079560e-01 -9.100774905556839878e-01
9.990101943466056511e-01 3.122237305683509684e-02 -3.168272419248312211e-02 4.406073947781576550e+01 -3.140564620151311409e-02 9.994926506057729698e-01 -5.303467894842178731e-03 -1.434183325107625695e+00 3.150106312844890011e-02 6.293234919026514593e-03 9.994839059314719609e-01 -9.138473305432202043e-01
9.988682120206979764e-01 3.053479880802464214e-02 -3.646808298125173847e-02 4.437670334714928799e+01 -3.103693459891126299e-02 9.994299696363866392e-01 -1.328324069322826297e-02 -1.451884709971846599e+00 3.604169398456336798e-02 1.440006438752227010e-02 9.992465333641935565e-01 -9.575487004557479143e-01
9.989984992861715707e-01 2.796592522802049743e-02 -3.492714488929384714e-02 4.470723800127999681e+01 -2.852291117219730651e-02 9.994721523231480109e-01 -1.555185740665901602e-02 -1.478338140624732455e+00 3.447378659561350228e-02 1.653250606154068464e-02 9.992688498502718675e-01 -9.499587590305600404e-01
9.991947696451330962e-01 2.726669264620095248e-02 -2.943365057119192579e-02 4.502636934639704691e+01 -2.769721077292775988e-02 9.995137911665216146e-01 -1.431941979715342476e-02 -1.494409504044655446e+00 2.902889645180178890e-02 1.512311938935568222e-02 9.994641636550686270e-01 -9.205970539668494323e-01
9.986977921711309714e-01 3.736184125921129112e-02 -3.473921027067199824e-02 4.532066274107436499e+01 -3.785544107540756570e-02 9.991898428475771698e-01 -1.366102233438158155e-02 -1.494130463641334616e+00 3.420066510310598024e-02 1.495830097155501255e-02 9.993030389919513867e-01 -9.670867708633383852e-01
9.984141894953297847e-01 4.400526164967032833e-02 -3.510901823645702635e-02 4.564085859548567470e+01 -4.433272345198927683e-02 9.989797759245572228e-01 -8.603308959395471536e-03 -1.545288242563129799e+00 3.469460830897588832e-02 1.014614413782043666e-02 9.993464563970901882e-01 -9.377360935426637401e-01
9.980837124272321503e-01 4.902899290310187841e-02 -3.774997804478484598e-02 4.595466176063543884e+01 -4.899668534235540607e-02 9.987973531569522834e-01 1.781053656835299582e-03 -1.568603339512990136e+00 3.779190141996519037e-02 7.198315009487507837e-05 9.992856283393101169e-01 -9.338081763392395152e-01
9.978288374319046472e-01 5.393912068897496054e-02 -3.779130122916965484e-02 4.629712222621110129e+01 -5.372721355046682773e-02 9.985338295057396563e-01 6.601352642070344376e-03 -1.563927309031721169e+00 3.809196389523886173e-02 -4.556598720825465534e-03 9.992638488881208092e-01 -9.620960723645303192e-01
9.981697166822250944e-01 4.763552287932989321e-02 -3.725686055667109392e-02 4.661666545762790292e+01 -4.716898996936440963e-02 9.987983378262660361e-01 1.330288467807639631e-02 -1.604087463844804384e+00 3.784578026407165591e-02 -1.152116814828420439e-02 9.992171733916018761e-01 -9.616122652726537545e-01
9.985726582117447903e-01 4.016410863739554998e-02 -3.520640068643072357e-02 4.693065641429679147e+01 -3.972239484963680650e-02 9.991241206590482093e-01 1.315761622381645540e-02 -1.631005683593853783e+00 3.570402805482273539e-02 -1.174035325904545027e-02 9.992934436320560776e-01 -9.625568148525468493e-01
9.989415523627924731e-01 2.764948102762206789e-02 -3.675977641277905494e-02 4.725753805643944361e+01 -2.723689206720589923e-02 9.995607936941006688e-01 1.167781743901391382e-02 -1.634531729809385991e+00 3.706651687889915558e-02 -1.066423501816836546e-02 9.992558968642334394e-01 -9.626363164815714413e-01
9.992544915038449327e-01 1.265658072230144149e-02 -3.647289642751380678e-02 4.758889467450069333e+01 -1.256200859721969681e-02 9.999171156587614018e-01 2.820948894714841483e-03 -1.622240272404084749e+00 3.650557696291979737e-02 -2.360673014858680023e-03 9.993306610294319103e-01 -9.467582182226712550e-01
9.992374257540049820e-01 -8.795744857089100952e-04 -3.903579538364114476e-02 4.787484352292905498e+01 7.009491967003489074e-04 9.999892230447773311e-01 -4.589386072915666547e-03 -1.638576166946064339e+00 3.903941140351702144e-02 4.558524215874809778e-03 9.992272735540399520e-01 -9.432985250988601411e-01
9.990097349814096583e-01 -7.110078372678127652e-03 -4.392033922806082291e-02 4.820275699363948974e+01 6.695212391258450850e-03 9.999316412990741920e-01 -9.585763400769702763e-03 -1.557895969196793740e+00 4.398549241976838775e-02 9.282214955169450915e-03 9.989890474585376712e-01 -9.445903681966928422e-01
9.989513809187453575e-01 5.389738488473169720e-03 -4.546525354111145834e-02 4.851119031294236095e+01 -6.040453044729585802e-03 9.998811121505688515e-01 -1.418712414677129018e-02 -1.543301020274415736e+00 4.538338338583951248e-02 1.444687798686466844e-02 9.988651741996447120e-01 -9.495388536821006698e-01
9.988878209163358779e-01 1.256349391613715595e-02 -4.544535009913974050e-02 4.880298730108038541e+01 -1.292004272017534434e-02 9.998879497936671301e-01 -7.560446648574329839e-03 -1.607161788541326075e+00 4.534527231281162279e-02 8.139193942662837841e-03 9.989382162080098215e-01 -9.534066745673940302e-01
9.988760934992684248e-01 1.372286737926952001e-02 -4.536775007129734139e-02 4.942448747102920237e+01 -1.412501855169993360e-02 9.998636336729678220e-01 -8.555577666251373489e-03 -1.652210019048453216e+00 4.524415638018740304e-02 9.186782308300720998e-03 9.989337161915524677e-01 -9.647152923857694740e-01
9.990064032921345261e-01 1.432336607398130256e-03 -4.454385022824453033e-02 4.973542713360648548e+01 -2.003519077573677996e-03 9.999163134209312354e-01 -1.278092586629795899e-02 -1.649723358337148893e+00 4.452181591780564329e-02 1.285747123415460422e-02 9.989256695774936246e-01 -9.708130804999627328e-01
9.989793771039434667e-01 -7.620215918330601294e-03 -4.452119080140632540e-02 5.003554997756670986e+01 7.037113638521976834e-03 9.998875940941071017e-01 -1.323926766617918201e-02 -1.615525643091077601e+00 4.461707243483972046e-02 1.291245468748024143e-02 9.989207102474590982e-01 -9.450636198895675522e-01
9.989652348792382730e-01 -1.120734284745577257e-02 -4.407782854188545957e-02 5.035125149356792207e+01 1.063000793969277359e-02 9.998549030988594932e-01 -1.331073553085092114e-02 -1.616256919267627712e+00 4.422061096220108317e-02 1.282841437862725260e-02 9.989394222627615560e-01 -9.308187912482438486e-01
9.989090437176407766e-01 -1.437261520097943800e-02 -4.443141131443967967e-02 5.065840615757169019e+01 1.365346341893426858e-02 9.997715135555300670e-01 -1.644699424066061594e-02 -1.617001415063372916e+00 4.465764565867940544e-02 1.582240863993451818e-02 9.988770425177739831e-01 -9.468366496873563687e-01
9.990428275350478060e-01 -1.061712542289148208e-02 -4.243471925830692715e-02 5.124417517596862837e+01 9.810452979154215061e-03 9.997680489961895400e-01 -1.917298147645764284e-02 -1.616583571574010003e+00 4.262843843164487723e-02 1.873832580855010893e-02 9.989152573580865058e-01 -9.417401556324478396e-01
9.989890258022859904e-01 7.558456089400058392e-03 -4.431473872363693445e-02 5.155552844925087896e+01 -8.512400667821395234e-03 9.997352349184761566e-01 -2.137753721479058663e-02 -1.620363271091407320e+00 4.414142455188854730e-02 2.173314988776118076e-02 9.987888689980911616e-01 -9.485742454124265199e-01
9.988504408641243337e-01 1.429657140683475089e-02 -4.575374117548988012e-02 5.186552971929683054e+01 -1.510902457436641075e-02 9.997333836732320567e-01 -1.746078307755649997e-02 -1.655096872193697166e+00 4.549191314899423549e-02 1.813200527463982789e-02 9.988001382773056269e-01 -9.300303003299922322e-01
9.986790585672427056e-01 1.999298638530803626e-02 -4.733305900364655205e-02 5.216468889507269324e+01 -2.086070316386327492e-02 9.996219660994283274e-01 -1.790966094102735412e-02 -1.697880886190548777e+00 4.695709789536596512e-02 1.887340422155641545e-02 9.987185917816563396e-01 -9.343938743052353502e-01
9.982835785936137185e-01 2.835667603661123914e-02 -5.124251783902582930e-02 5.245376943333334907e+01 -2.930912269237978540e-02 9.994095340918919268e-01 -1.793205211989043479e-02 -1.690682449115526120e+00 5.070376748656090643e-02 1.940314640418188546e-02 9.985252354709351907e-01 -9.228824550848383490e-01
9.981084283430680104e-01 3.201299728614100115e-02 -5.248555301497997289e-02 5.274316042370362823e+01 -3.305094626570122263e-02 9.992725114976569456e-01 -1.902847119731019762e-02 -1.713833473984561095e+00 5.183821198182355511e-02 2.072717467294233132e-02 9.984403757904649623e-01 -9.224163891762970913e-01
9.978584535671588540e-01 3.422430605518394370e-02 -5.574229560754840468e-02 5.302071341959594264e+01 -3.548324377518923683e-02 9.991334811664893678e-01 -2.175376342895623399e-02 -1.757105108399412918e+00 5.494948640113667820e-02 2.368509419811538202e-02 9.982081798187578681e-01 -9.316516944960629987e-01
9.979158419166537231e-01 3.394124343561758655e-02 -5.488136701850926391e-02 5.333616705991221352e+01 -3.536753714117883002e-02 9.990558600414738422e-01 -2.522946359632500732e-02 -1.780589403347951238e+00 5.397323196125562716e-02 2.711790019221803003e-02 9.981740878828809782e-01 -9.150904818352239012e-01
9.978570018512300521e-01 3.733819751414915039e-02 -5.373325658164328222e-02 5.363560451881453162e+01 -3.902702907349923228e-02 9.987654778142612821e-01 -3.073127605789713335e-02 -1.774291209960355831e+00 5.251947122896964693e-02 3.276246835702130433e-02 9.980823241641866295e-01 -9.187487918518896235e-01
9.976930132669693529e-01 4.118769903428140533e-02 -5.396503244265141164e-02 5.393659759574538270e+01 -4.293523782671625211e-02 9.985769322433085682e-01 -3.163345925291948663e-02 -1.778372682532337379e+00 5.258532714587101087e-02 3.387748278435482457e-02 9.980416321622848086e-01 -9.129178656626845134e-01
9.975242609468943922e-01 4.730320002911889837e-02 -5.203610371037945687e-02 5.422841093118331202e+01 -4.880157083101947096e-02 9.984184495521961633e-01 -2.791068394385220336e-02 -1.802418056417951053e+00 5.063354132170878180e-02 3.038102797460588006e-02 9.982550964720535713e-01 -8.965652001805505256e-01
9.967592724029026297e-01 6.046304644394382560e-02 -5.305820288658097406e-02 5.451689656024019826e+01 -6.178295207519410998e-02 9.978106066349577974e-01 -2.359788379604799841e-02 -1.826320063301695829e+00 5.151523766528079418e-02 2.679950188893460983e-02 9.983125597661258732e-01 -9.028869292469065000e-01
9.958430238329347706e-01 7.313983960362213654e-02 -5.428844947162601853e-02 5.480474935765540323e+01 -7.394169936346514649e-02 9.971790117269321296e-01 -1.290905366562257635e-02 -1.848421866579875728e+00 5.319113627776533848e-02 1.686957124693485438e-02 9.984418463723486736e-01 -8.804784048842571043e-01
9.954234249294334758e-01 7.819327267361075862e-02 -5.493648341809776597e-02 5.507879046366797837e+01 -7.877520686796005145e-02 9.968561225302051687e-01 -8.505160607218929109e-03 -1.872155889467176149e+00 5.409872350311673711e-02 1.279386894707167446e-02 9.984536268814383497e-01 -8.908102628592861061e-01
9.957994124623951171e-01 7.017511182392345559e-02 -5.881312625637646896e-02 5.537277273705692693e+01 -7.098440942101939821e-02 9.974078210064895034e-01 -1.178355694329156003e-02 -1.902727743635596491e+00 5.783375967977295862e-02 1.590887411435964321e-02 9.981994610125352052e-01 -8.945820225828604588e-01
9.963986476975934536e-01 5.827583027298815360e-02 -6.159271444254466044e-02 5.564938561222884772e+01 -5.926681207623816366e-02 9.981385237291539037e-01 -1.438514630113408958e-02 -1.890865409814333375e+00 6.063975472185587079e-02 1.798374415351373934e-02 9.979976979399772796e-01 -8.670688706047251504e-01
9.968311898490085365e-01 4.939979756805030348e-02 -6.234772605673452595e-02 5.592937324489283668e+01 -5.083851340684617665e-02 9.984710382609794932e-01 -2.170325571483596935e-02 -1.897340478109258877e+00 6.118026233019831228e-02 2.480414792483890199e-02 9.978184853704259449e-01 -8.932562721444791132e-01
9.959589221576239382e-01 6.328867413579221390e-02 -6.372102557835630787e-02 5.647337086978865983e+01 -6.515630739881210498e-02 9.974913941073501045e-01 -2.766901313611958360e-02 -1.914408450835830999e+00 6.181003948207391269e-02 3.170902723056574779e-02 9.975841100435168807e-01 -8.666198443280146435e-01
9.934349595797152821e-01 9.450681117063791659e-02 -6.446273130427300491e-02 5.702305454511300553e+01 -9.586904299394680140e-02 9.952244344627743100e-01 -1.836985693128241962e-02 -1.985251932920338858e+00 6.241880870598453396e-02 2.442923843693028604e-02 9.977510233666099237e-01 -8.747379552710441430e-01
9.922159044012657247e-01 1.072744708506724737e-01 -6.324386892724558062e-02 5.728655044111475547e+01 -1.086702920095992814e-01 9.938952975961503622e-01 -1.905006695022851831e-02 -2.036231253063732094e+00 6.081419807682102857e-02 2.577450911206624617e-02 9.978162696570472834e-01 -8.478777271090851553e-01
9.921903454608317352e-01 1.079273887278328903e-01 -6.252996990809071842e-02 5.755336184025394886e+01 -1.090520694800271861e-01 9.939250854515392364e-01 -1.485162120018602636e-02 -2.072312197747827600e+00 6.054720898967024673e-02 2.155465779226710052e-02 9.979325789906948740e-01 -8.430323207993345447e-01
9.911024475476880591e-01 1.159081429057859797e-01 -6.543119189739884933e-02 5.807326585930971419e+01 -1.172034163166990189e-01 9.929740824601847038e-01 -1.630431740517678321e-02 -2.145597503324748967e+00 6.308167458681537831e-02 2.382800810991373905e-02 9.977238738051911193e-01 -8.440980815725512842e-01
9.902866801463537927e-01 1.214037679680299575e-01 -6.777474638741159962e-02 5.833360707385286759e+01 -1.226167004250815484e-01 9.923551042186187221e-01 -1.401755713811286656e-02 -2.181307815275654427e+00 6.555483126039624020e-02 2.219171589623473995e-02 9.976021711303568740e-01 -8.106803301729487155e-01
9.900013138139083235e-01 1.280770124123447873e-01 -5.910733912352568453e-02 5.859962655307880652e+01 -1.290199054426253988e-01 9.915644012515797412e-01 -1.240573134370247937e-02 -2.239088662592285228e+00 5.701984432030123007e-02 1.990771363377031450e-02 9.981745440009800463e-01 -8.257319030019172335e-01
9.871484804494174981e-01 1.505959954024543579e-01 -5.346703391015789758e-02 5.910498989713594398e+01 -1.505714682518999037e-01 9.885888401502305189e-01 4.509775924475329344e-03 -2.311197331348322948e+00 5.353606723390442329e-02 3.598791347913404305e-03 9.985594314841561570e-01 -8.230750446412725685e-01
9.858129933222802288e-01 1.634434972291536059e-01 -3.819640572710262388e-02 5.933460892858972358e+01 -1.630518546804228530e-01 9.865295418713101450e-01 1.317405406308947736e-02 -2.377935457879208236e+00 3.983509611184652549e-02 -6.759158874193779351e-03 9.991834060316820976e-01 -8.380361248124494900e-01
9.842069745224691912e-01 1.733506608543234906e-01 -3.586334734373023553e-02 5.955866320265824498e+01 -1.725770317951917376e-01 9.847115819255995994e-01 2.366999193798836540e-02 -2.415107749429048045e+00 3.941826224085864111e-02 -1.710698111743782709e-02 9.990763493342030843e-01 -8.328835154625188197e-01
9.848560088632456466e-01 1.706688017094330490e-01 -3.050904667512311513e-02 5.980856375491273269e+01 -1.698264093461629987e-01 9.850656655883943680e-01 2.836591559395107084e-02 -2.491809106458170220e+00 3.489459119330808740e-02 -2.275510057019970375e-02 9.991319096613279216e-01 -8.354071583392497224e-01
9.876069854202008669e-01 1.539967789931843967e-01 -3.028917973381744025e-02 6.007369308626224580e+01 -1.529111911791215805e-01 9.876059963334166136e-01 3.539157552951820856e-02 -2.541164534562442068e+00 3.536396416417851574e-02 -3.032141266504229452e-02 9.989144117353553343e-01 -8.404143818386753395e-01
9.897080022286466328e-01 1.409911758930817438e-01 -2.448588664654042027e-02 6.030695120687076383e+01 -1.401748075465593102e-01 9.895977468335095395e-01 3.236236689931929617e-02 -2.559247545133172874e+00 2.879398641845548959e-02 -2.859698904303011394e-02 9.991762199751386131e-01 -8.378287673756784626e-01
9.937266197995749950e-01 1.088753786073475283e-01 -2.556476158342904648e-02 6.082785888048742606e+01 -1.080827146412237927e-01 9.936715589979152607e-01 3.057710964817413057e-02 -2.595164101557965175e+00 2.873207088767928963e-02 -2.762217898282837147e-02 9.992054259914454617e-01 -8.321438343449711894e-01
9.951916758872448865e-01 9.284609165053078761e-02 -3.119505585759042507e-02 6.109998034244029697e+01 -9.203399969146897064e-02 9.954022667215439713e-01 2.653432317589490830e-02 -2.608388841161008109e+00 3.351523751262463352e-02 -2.353573178877978178e-02 9.991610471708947117e-01 -8.340367050456589659e-01
9.963929832151482424e-01 7.562365670473589208e-02 -3.849786417739911593e-02 6.131985157721124580e+01 -7.480653700526213035e-02 9.969499723018874215e-01 2.224263357937305077e-02 -2.642791842383379386e+00 4.006251391135561002e-02 -1.928251212550278690e-02 9.990111008918931557e-01 -8.111934244304503938e-01
9.970458896423782802e-01 6.328577861645116875e-02 -4.352475355642983212e-02 6.156304147795773929e+01 -6.250559956427075015e-02 9.978626081074356557e-01 1.905952161354906860e-02 -2.654729277091120387e+00 4.463792076642299211e-02 -1.628267686640740008e-02 9.988705273776550264e-01 -8.292878529985165947e-01
9.971914391620955165e-01 5.063470475149899758e-02 -5.518478355993935991e-02 6.182414060843260017e+01 -4.994639807441841189e-02 9.986568010583578570e-01 1.378227192008673468e-02 -2.658108030949228429e+00 5.580852068654536258e-02 -1.098728240357927516e-02 9.983810337962973902e-01 -8.380028552433356204e-01
9.982076664518255704e-01 3.443896411603382390e-02 -4.894295033419487212e-02 6.204917828209018893e+01 -3.433060123027345534e-02 9.994058673449489616e-01 3.053217263498761436e-03 -2.697057257739214897e+00 4.901902136894287915e-02 -1.367503968811204819e-03 9.987969090245155668e-01 -8.194278760401545458e-01
9.985784888848833196e-01 2.214057722442289156e-02 -4.848501187534406259e-02 6.233271896000216827e+01 -2.256788790639645964e-02 9.997109947012017273e-01 -8.283568613715602477e-03 -2.724478700860532232e+00 4.828759645941401585e-02 9.365997742001438628e-03 9.987895604753133094e-01 -8.258939447219371122e-01
9.990555361412229995e-01 1.123522351169521476e-02 -4.197386637201345333e-02 6.255933295948864981e+01 -1.201526152894181500e-02 9.997589109231105331e-01 -1.837807172222239230e-02 -2.727003696485400752e+00 4.175726518780321223e-02 1.886504127952734131e-02 9.989496689130825668e-01 -8.408557353101171472e-01
9.994025537525126346e-01 6.129424133149663674e-03 -3.401419869336866353e-02 6.278917345009963213e+01 -6.800366343602737805e-03 9.997838940164035515e-01 -1.964485385513419294e-02 -2.752470797766152000e+00 3.388643638019192550e-02 1.986442612291500556e-02 9.992282592102058603e-01 -8.560562056665328434e-01
9.995937904644676131e-01 1.216619576604413208e-02 -2.577281019718829710e-02 6.304555964723381578e+01 -1.276897424659469843e-02 9.996457057802923263e-01 -2.335414763400693941e-02 -2.786378506282870315e+00 2.547954790744538442e-02 2.367375330621404247e-02 9.993949900028660238e-01 -8.430183347479823786e-01
9.996263700740035674e-01 1.945625840922122346e-02 -1.919828798056828073e-02 6.328353383303303303e+01 -1.989633606113702657e-02 9.995373597528534049e-01 -2.300439674577665558e-02 -2.802095022206717356e+00 1.874182659223808112e-02 2.337777720418281538e-02 9.995510109389005304e-01 -8.677686176707248844e-01
9.995355230768344645e-01 2.453193133705228179e-02 -1.808099699665361229e-02 6.349149311549048491e+01 -2.483755444849990862e-02 9.995490327255233121e-01 -1.687682039035960299e-02 -2.809529888819852328e+00 1.765882205971414445e-02 1.731806924413941892e-02 9.996940784465608854e-01 -8.701781452889263413e-01
9.994653388012452178e-01 3.124124350938248598e-02 -9.644751883773112003e-03 6.376045002506577930e+01 -3.136989148030513291e-02 9.994168227785941161e-01 -1.348867138209425449e-02 -2.823345149413755806e+00 9.217724416902337362e-03 1.378401433283192416e-02 9.998625078006707634e-01 -8.672665076940583306e-01
9.993767444009271639e-01 3.519646537906571948e-02 -2.707688206611509347e-03 6.402771588324266361e+01 -3.522956677015744165e-02 9.992901736956950609e-01 -1.334265267533752894e-02 -2.852076421768608316e+00 2.236152005346184798e-03 1.342972747481872842e-02 9.999073167269859619e-01 -9.202257838692934344e-01
9.991290731183888330e-01 4.004813012520949678e-02 1.171505540163936265e-02 6.426008825089787990e+01 -3.996988461488341915e-02 9.991774818142123982e-01 -6.838724974880511405e-03 -2.856869758098704359e+00 -1.197929770320853987e-02 6.364519532803450570e-03 9.999079904259463580e-01 -9.162491969404786829e-01
9.988071369928196441e-01 4.512655542313119550e-02 1.865199956706545259e-02 6.451262956666865023e+01 -4.509533005548760354e-02 9.989804986500082640e-01 -2.091536317526813179e-03 -2.864325543203793067e+00 -1.872736765787914870e-02 1.247923324553833202e-03 9.998238486793474822e-01 -9.315338029147184340e-01
9.984576650348059301e-01 4.678044942840286352e-02 2.989783745557291622e-02 6.475450891836571543e+01 -4.693822048667641716e-02 9.988872175032810219e-01 4.596756040625254482e-03 -2.865338994863857014e+00 -2.964952935186943028e-02 -5.993017589621825979e-03 9.995423898711766064e-01 -9.389415931102358392e-01
9.981922358179806665e-01 4.845093790908323178e-02 3.556356236980576235e-02 6.503360933739637062e+01 -4.887961970550016438e-02 9.987409271324066973e-01 1.128464656718727345e-02 -2.882199165136746011e+00 -3.497203354319823598e-02 -1.300257999132530505e-02 9.993037024765907272e-01 -9.467096724488333059e-01
9.986166449493039110e-01 4.279197688359510227e-02 3.055557468923904979e-02 6.529190089342830561e+01 -4.334582808885948518e-02 9.989033328596000905e-01 1.769945731580396461e-02 -2.874555464282337880e+00 -2.976467062621126342e-02 -1.899942936976762795e-02 9.993763485625104526e-01 -9.671850061676841026e-01
9.988639228199241993e-01 3.052245094073286272e-02 3.659567839736223294e-02 6.554115264104024163e+01 -3.108796122741592713e-02 9.994043220153836504e-01 1.498465227137221398e-02 -2.888313818761118590e+00 -3.611651084359192299e-02 -1.610531358098351781e-02 9.992178023428840428e-01 -1.004279513116099309e+00
9.989023647243916448e-01 2.488006734498128883e-02 3.968687436581171124e-02 6.577699275674812895e+01 -2.543531350121886261e-02 9.995846677531560198e-01 1.354757616356074869e-02 -2.880675932475761591e+00 -3.933332651980048222e-02 -1.454215395744253882e-02 9.991203206737238052e-01 -1.015106117795928409e+00
9.990921451432398515e-01 1.694640959523517967e-02 3.908586336400730193e-02 6.604693794564533960e+01 -1.743364762533778853e-02 9.997740896219707851e-01 1.215885072837944239e-02 -2.869769089192475420e+00 -3.887098459718870552e-02 -1.282922142571326501e-02 9.991618775924425710e-01 -1.031094691060680191e+00
9.985611662957610823e-01 7.002513880416102142e-03 5.316542076767485914e-02 6.630182957205371963e+01 -6.777778344026016803e-03 9.999673229167187483e-01 -4.406225083889745570e-03 -2.875662178972218541e+00 -5.319453812910292234e-02 4.039541821200405211e-03 9.985759977163011225e-01 -1.105613313073460890e+00
9.986153993467852263e-01 -3.528638393660647049e-02 3.901480867746238285e-02 6.718302367803778452e+01 3.543471898747665300e-02 9.993671326749939965e-01 -3.116860478031249510e-03 -2.828865335934024561e+00 -3.888013474435441513e-02 4.495023652813433419e-03 9.992337713891686901e-01 -1.095159318959693540e+00
9.968376109149834630e-01 -6.761384752572530132e-02 4.175098906703798851e-02 6.777239393358951247e+01 6.861409580912813944e-02 9.973779627182020047e-01 -2.300663687688232067e-02 -2.791237622142284103e+00 -4.008594917927901791e-02 2.579858730351153318e-02 9.988631285474198762e-01 -1.131154132356925857e+00
9.960243373448741666e-01 -7.757079615870299261e-02 4.379829905383720440e-02 6.804953766511304991e+01 7.907980373732542700e-02 9.962937718672906229e-01 -3.383939685209030185e-02 -2.788614153748265601e+00 -4.101102361037210070e-02 3.716842371895959923e-02 9.984671272609215720e-01 -1.186188204842107519e+00
9.962601654029528131e-01 -7.438620570264196930e-02 4.395879016130233713e-02 6.833703993306684765e+01 7.601412654577958949e-02 9.964348343683570031e-01 -3.659881723207813325e-02 -2.756910094844152948e+00 -4.107962264631189603e-02 3.980343274730321207e-02 9.983627353546242755e-01 -1.213261956893173510e+00
9.963094302808113145e-01 -7.220441062394253318e-02 4.641166038803444527e-02 6.863665119967120631e+01 7.411080399882366554e-02 9.964168039785793463e-01 -4.075710342702509870e-02 -2.735348608503146650e+00 -4.330251567949709723e-02 4.404629196155306070e-02 9.980905852177268667e-01 -1.259808305849168253e+00
9.961147258711345875e-01 -6.903925337802463424e-02 5.467206229583147781e-02 6.895033087126449800e+01 7.091551111180399714e-02 9.969311911234397527e-01 -3.315404121598652248e-02 -2.739057183539602036e+00 -5.221535393374221456e-02 3.690232591862798589e-02 9.979537940983888022e-01 -1.276050405447920921e+00
9.965034078959255082e-01 -5.747798328728724593e-02 6.064024644601143793e-02 6.925801862311990931e+01 5.983938443831710030e-02 9.974893877432232658e-01 -3.787042922509550880e-02 -2.735425882993958169e+00 -5.831128640194768037e-02 4.136668680080629601e-02 9.974410213648093881e-01 -1.327311410494558030e+00
9.965884684963870477e-01 -5.164045171004078005e-02 6.437925292521431975e-02 6.958666072016326609e+01 5.423156924359009978e-02 9.977597809943070661e-01 -3.917086069478432214e-02 -2.720363559515201146e+00 -6.221222835908919030e-02 4.252861598236478552e-02 9.971564348010902856e-01 -1.342534117637882662e+00
9.968264995096478565e-01 -4.045810832704988674e-02 6.855706634577234115e-02 7.023700022344648630e+01 4.422652434053096077e-02 9.975408494609658838e-01 -5.437157530779412190e-02 -2.668027325314751064e+00 -6.618870311539844231e-02 5.723106785035032146e-02 9.961644745987533467e-01 -1.380041421781244004e+00
9.972249663819611198e-01 -3.401770456559374822e-02 6.622055723553324502e-02 7.057238537820936131e+01 3.778467546936940813e-02 9.976879532734762579e-01 -5.648952285739673729e-02 -2.682086890270330759e+00 -6.414580831333396849e-02 5.883488479694591600e-02 9.962046835900537634e-01 -1.430767836957080874e+00
9.977391567588757004e-01 -1.683930638755084391e-02 6.506160796102369859e-02 7.090996531923485691e+01 2.061293520522733402e-02 9.981169824018407688e-01 -5.777193387163610111e-02 -2.681864876175035217e+00 -6.396625651320275718e-02 5.898243129466421847e-02 9.962075038997936227e-01 -1.461876029739216598e+00
9.979842031223304932e-01 -4.960540403504869536e-03 6.326866015012565236e-02 7.125488217880449326e+01 8.499936876765937233e-03 9.984059806209550914e-01 -5.579649570896128702e-02 -2.714461752729361077e+00 -6.289102790842186763e-02 5.622180092467988360e-02 9.964355612428772435e-01 -1.515985052182963866e+00
9.978989267966629217e-01 1.004456367226639821e-02 6.400655152952915150e-02 7.162448312289720320e+01 -6.552321341024584279e-03 9.984901508542860515e-01 -5.453884608266963696e-02 -2.763076912328756407e+00 -6.445773020447150004e-02 5.400486448107208459e-02 9.964580651634410424e-01 -1.538457426121421223e+00
9.975986517528957487e-01 2.643724320338528694e-02 6.401564021869787791e-02 7.198370115552914683e+01 -2.309079865175280022e-02 9.983558929331106668e-01 -5.246261586459010501e-02 -2.807765003290661809e+00 -6.529735858692081729e-02 5.085846259509217010e-02 9.965689498193462947e-01 -1.582464122956495300e+00
9.971450244614465941e-01 4.009508918912066400e-02 6.398581104196073011e-02 7.233432221722392796e+01 -3.729936032820302394e-02 9.983214855841631152e-01 -4.430540757217353576e-02 -2.826502077002385871e+00 -6.565483920388441585e-02 4.179228689538293240e-02 9.969668233422644965e-01 -1.599342313458398834e+00
9.968875375934461713e-01 5.170781340945233145e-02 5.951083450338109926e-02 7.271129100197096307e+01 -4.954133307372322187e-02 9.980744783993862335e-01 -3.732280650047078985e-02 -2.868992857882131098e+00 -6.132612582051771843e-02 3.425839459470376991e-02 9.975296831130588959e-01 -1.638892229885079876e+00
9.967374850754003868e-01 5.576093388467973089e-02 5.835326981304779503e-02 7.307012663842158418e+01 -5.445435475662677161e-02 9.982338261957983683e-01 -2.374766275944141178e-02 -2.893892801947513860e+00 -5.957439964955936473e-02 2.049259599965551001e-02 9.980134991149115509e-01 -1.618577379260012439e+00
9.965811614442621202e-01 6.280558213364846598e-02 5.367911611846009484e-02 7.343690669831363493e+01 -6.177156448423240520e-02 9.978753995796819654e-01 -2.071136728611664563e-02 -2.888074003172600879e+00 -5.486585892498086620e-02 1.732471548232876468e-02 9.983434237565149694e-01 -1.720019067776406896e+00
9.959953864235850940e-01 6.975754276112022811e-02 5.592025975318779679e-02 7.382231817916009220e+01 -6.930941434872614493e-02 9.975459294477930783e-01 -9.915832026376886210e-03 -2.885286119195977772e+00 -5.647473156704780478e-02 6.000322497100519376e-03 9.983859979108083982e-01 -1.735310607679791506e+00
9.957823759024077015e-01 6.669384157046127914e-02 6.300310578638336489e-02 7.419325374732723333e+01 -6.655983812666761701e-02 9.977734869642400639e-01 -4.225714113994277765e-03 -2.916470694519261553e+00 -6.314465765769743111e-02 1.441511769856599831e-05 9.980043847606565599e-01 -1.785456469152393533e+00
9.959079376475454826e-01 6.128952288192309611e-02 6.641516480081180451e-02 7.456309865266885595e+01 -6.148345342242205608e-02 9.981077166536906908e-01 8.780157224298227800e-04 -2.909889090129082589e+00 -6.623567532580629247e-02 -4.957856518920402376e-03 9.977916891680709277e-01 -1.798291052158396797e+00
9.966857770021708696e-01 4.694877798541189501e-02 6.643247825616149793e-02 7.496726821640460514e+01 -4.720728765118083897e-02 9.988824062838498330e-01 2.326028633642900686e-03 -2.884980860319148910e+00 -6.624902953400552130e-02 -5.454416766471105460e-03 9.977882117080458801e-01 -1.846795849031280357e+00
9.973697627245899922e-01 3.006856521527318318e-02 6.595026753994120972e-02 7.533178165695596817e+01 -3.011190863979147994e-02 9.995464768733071104e-01 -3.369395020993193367e-04 -2.895209474748878797e+00 -6.593048885579275153e-02 -1.649835159671175257e-03 9.978228543600221601e-01 -1.891247105541211004e+00
9.975675164482527002e-01 1.996875347541325618e-02 6.678547006575027978e-02 7.574893353615283331e+01 -1.960982480854611687e-02 9.997895509246255141e-01 -6.025664520517731368e-03 -2.897223942569512101e+00 -6.689174013466225865e-02 4.701355822937460308e-03 9.977491630440904480e-01 -1.918361266236344731e+00
9.977142668890602861e-01 8.275488821679303705e-03 6.706532584567968802e-02 7.615382691619656441e+01 -7.350959912617351273e-03 9.998746856281414130e-01 -1.402057161418346874e-02 -2.957828353399045707e+00 -6.717294868016458753e-02 1.349552980759241745e-02 9.976500717389962247e-01 -1.984082864009834468e+00
9.978613859604937852e-01 6.016148028251785268e-03 6.508809700632360584e-02 7.657328886542639168e+01 -4.941518030699261488e-03 9.998490214687697497e-01 -1.665880150238739643e-02 -2.983334250286420186e+00 -6.517849191684864374e-02 1.630154075067239555e-02 9.977404592180270093e-01 -2.004503591383759886e+00
9.979932086685280312e-01 6.389714359193318649e-03 6.299783331118492813e-02 7.697622507426603988e+01 -4.905648981284076865e-03 9.997074585664599278e-01 -2.368400081621018644e-02 -2.969353086651909113e+00 -6.313073783481663870e-02 2.332742671187151839e-02 9.977326000003376993e-01 -2.085504668519120752e+00
9.979647640187683244e-01 9.751297613881647688e-03 6.301779091502347774e-02 7.779283148132464021e+01 -7.524702198222833413e-03 9.993422690319130330e-01 -3.547404943019139695e-02 -2.990578677520437711e+00 -6.332226017596158385e-02 3.492766125856566067e-02 9.973817472990041955e-01 -2.151516166432334121e+00
9.976130245011135544e-01 2.797075712025565847e-02 6.313390603994276096e-02 7.864858083117941590e+01 -2.585896440227555826e-02 9.990864786532148711e-01 -3.402237693579207578e-02 -3.084345157200631071e+00 -6.402786351099418183e-02 3.230858892676896632e-02 9.974249785200782759e-01 -2.222622285395430719e+00
9.970620672407515261e-01 4.541772360051319485e-02 6.168034089194425473e-02 7.905911332448366124e+01 -4.375138286647136526e-02 9.986470898036370336e-01 -2.810349665073467312e-02 -3.068560056482358966e+00 -6.287328977292741539e-02 2.532233025757713030e-02 9.977002200177444990e-01 -2.306570068562015852e+00
9.958509976799559960e-01 6.234768960039063779e-02 6.628390469284173303e-02 7.988346965596979032e+01 -6.132207571533829227e-02 9.979663779235946608e-01 -1.739860810592119486e-02 -3.075669440836806157e+00 -6.723387129861482792e-02 1.326175461824148291e-02 9.976491028486151880e-01 -2.371996359101744112e+00
9.963002040829198602e-01 5.244406446001827204e-02 6.808467850585461778e-02 8.032360504884783836e+01 -5.181796516264360053e-02 9.985967231910644060e-01 -1.093082423570159584e-02 -3.061117370907393553e+00 -6.856239370628178231e-02 7.362372917897863460e-03 9.976196638169692044e-01 -2.389161921560824187e+00
9.968883732827910071e-01 4.165928774592868311e-02 6.691842017032932632e-02 8.077319169355705242e+01 -4.099946083658831397e-02 9.990963485905044461e-01 -1.120403696130448795e-02 -3.104468764591361118e+00 -6.732470144530820766e-02 8.425555033535318122e-03 9.976955420355836379e-01 -2.416750311950294883e+00
9.977152312971437897e-01 3.631611378204685492e-02 5.696891360607408278e-02 8.123192393651443410e+01 -3.554428799602139810e-02 9.992628499653423146e-01 -1.450380191527670011e-02 -3.117655409996003879e+00 -5.745364069006241720e-02 1.244574461055348961e-02 9.982705958869799723e-01 -2.480530663481153919e+00
9.978172090961583418e-01 3.239833887031440263e-02 5.754272212884672250e-02 8.169882998367869220e+01 -3.143536188368317719e-02 9.993514814304469418e-01 -1.756230582847603805e-02 -3.149012017362000648e+00 -5.807439414057859878e-02 1.571509469317063784e-02 9.981885596138584393e-01 -2.507373157244654038e+00
9.976826754910379513e-01 3.162805250493490317e-02 6.024072808150103542e-02 8.215012986144564877e+01 -3.012119545823544603e-02 9.992142571750017854e-01 -2.576008234412717132e-02 -3.173034789569437741e+00 -6.100813559854982582e-02 2.388586512886893901e-02 9.978514282386102829e-01 -2.627019321346833802e+00
9.975280616063398886e-01 2.826041878490036241e-02 6.433595447337484008e-02 8.260642899944826922e+01 -2.634839065301077671e-02 9.991911876082539834e-01 -3.037651915548309628e-02 -3.196545126476518561e+00 -6.514237190872346206e-02 2.860628141001811398e-02 9.974658651031604872e-01 -2.629399602191915708e+00
9.977449233897868197e-01 2.492306644808240865e-02 6.232101257788491555e-02 8.308299806780965469e+01 -2.284415844036073381e-02 9.991657773280425703e-01 -3.385105377385124598e-02 -3.230346226359566586e+00 -6.311269503879640697e-02 3.235104596876185040e-02 9.974819284326242874e-01 -2.647818884046188259e+00
9.978274198592463895e-01 2.942489772724239325e-02 5.894586983649114514e-02 8.356840603116020816e+01 -2.728549300407486985e-02 9.989509491688767229e-01 -3.677639223911077782e-02 -3.266164596120063379e+00 -5.996617420316067287e-02 3.508812546064082882e-02 9.975835210162077304e-01 -2.725355987686569836e+00
9.971725472585611927e-01 4.526373482367147122e-02 5.998420878602067630e-02 8.405930588560043759e+01 -4.300188469761104942e-02 9.983337881423376414e-01 -3.847707584814072379e-02 -3.346570861101661798e+00 -6.162587854404945331e-02 3.578884970465745496e-02 9.974574724420542937e-01 -2.757192081818915952e+00
9.965089467041094995e-01 6.120941173198293089e-02 5.677435207988616034e-02 8.451451670189575793e+01 -5.951611019457087731e-02 9.977442345515827871e-01 -3.105277840039039755e-02 -3.364279209519527747e+00 -5.854700475663960485e-02 2.756538290139728953e-02 9.979040023466813070e-01 -2.788542785040737826e+00
9.960167413820641968e-01 7.030182789727409953e-02 5.484800708281249021e-02 8.498079169391841958e+01 -6.927013703654691379e-02 9.973874505541451274e-01 -2.049198848430340558e-02 -3.397029422284060463e+00 -5.614533819999845826e-02 1.661103462776674505e-02 9.982844156486682108e-01 -2.817819344410444682e+00
9.957864322077805141e-01 7.270192431106162201e-02 5.589106934357303963e-02 8.545072702343303206e+01 -7.185575498194282651e-02 9.972700522542545798e-01 -1.700568589534958569e-02 -3.416105940580761668e+00 -5.697483573363264914e-02 1.291793630054578063e-02 9.982920389419424056e-01 -2.903184943261947648e+00
9.961537510987077404e-01 6.655517871033050925e-02 5.699221314188340076e-02 8.594658690330760464e+01 -6.596958062262084366e-02 9.977482957558493348e-01 -1.209763401553520974e-02 -3.460660588631886192e+00 -5.766904372754439595e-02 8.291351104269652564e-03 9.983013246973161392e-01 -2.947008303846679667e+00
9.963047768816568617e-01 6.175903446573297040e-02 5.968763041579380063e-02 8.643550480209168541e+01 -6.130999752367068123e-02 9.980751915958435694e-01 -9.327171305795044220e-03 -3.493575136667109504e+00 -6.014878025728768313e-02 5.633256853771033586e-03 9.981735273241721940e-01 -2.973676426815546225e+00
9.967323308594341347e-01 5.686990214190369014e-02 5.736266076368601308e-02 8.693283535502300197e+01 -5.655045688943340781e-02 9.983739377482833133e-01 -7.178178779002506935e-03 -3.520312222557331783e+00 -5.767760783107911404e-02 3.910838191140877246e-03 9.983276009905400761e-01 -3.030042866708894334e+00
9.969725807357643355e-01 5.043479425498681445e-02 5.917773896937188194e-02 8.743118516265704443e+01 -5.006249060888376401e-02 9.987159555382552067e-01 -7.758040174249743008e-03 -3.578949674034363149e+00 -5.949302728139989338e-02 4.771968332564349886e-03 9.982173150287103613e-01 -3.078112244478507176e+00
9.971033098588079069e-01 4.816654466016861980e-02 5.886402504170165639e-02 8.793630856701641108e+01 -4.776852237333764628e-02 9.988251739459228506e-01 -8.151083496372855952e-03 -3.586587031378406287e+00 -5.918747957869162357e-02 5.315624835979646315e-03 9.982327315780248345e-01 -3.129486611125185558e+00
9.972794342631048359e-01 4.534393631876113689e-02 5.811761725141290774e-02 8.844322443198240080e+01 -4.495793483540033025e-02 9.989573837641413379e-01 -7.932812769619860052e-03 -3.608023379250424156e+00 -5.841672783713146994e-02 5.298382981823867785e-03 9.982782242674536066e-01 -3.177749525870058100e+00
9.974661417786326867e-01 3.978445143103447740e-02 5.897875405245694980e-02 8.894177230089505315e+01 -3.933143428587589779e-02 9.991872701188579953e-01 -8.822556853886194886e-03 -3.646891176608184182e+00 -5.928182084133697127e-02 6.480482756391448690e-03 9.982202507768411781e-01 -3.216807614632679613e+00
9.976309451981134613e-01 3.713998447633772709e-02 5.790612002384582652e-02 8.997208565961551585e+01 -3.632294965053303043e-02 9.992260280567781816e-01 -1.509927755091414713e-02 -3.713440335824345961e+00 -5.842208924545139875e-02 1.296018545284326369e-02 9.982078406229959455e-01 -3.318595374024841504e+00
9.975926782809830806e-01 3.988301997579693503e-02 5.672911913457799604e-02 9.050347267735924106e+01 -3.898980007264173098e-02 9.990989355188463206e-01 -1.676641092791301968e-02 -3.740572647319773125e+00 -5.734669764223906951e-02 1.451419176938202084e-02 9.982488139270746519e-01 -3.373085575677781556e+00
9.975950462026879073e-01 4.315111647279293999e-02 5.424117383509050039e-02 9.101644513660667712e+01 -4.244316225796802150e-02 9.989988552279142064e-01 -1.413737001216331356e-02 -3.771190773257771411e+00 -5.479691386748752890e-02 1.180120334832315994e-02 9.984277789755905408e-01 -3.427215203058011195e+00
9.967961474906174013e-01 5.500100985309722829e-02 5.807175959967772472e-02 9.207671757399266710e+01 -5.459368584373067851e-02 9.984717997861676242e-01 -8.578723551157730470e-03 -3.855601111334439945e+00 -5.845485278280410091e-02 5.380887186203596809e-03 9.982755512578829205e-01 -3.509559298498547975e+00
9.968575790036643403e-01 5.753212793067010583e-02 5.445201041947071718e-02 9.314206342115203086e+01 -5.824606671963301202e-02 9.982346839921438786e-01 1.161513610753746144e-02 -3.965056342954635937e+00 -5.368764191734629043e-02 -1.475025189186848253e-02 9.984488305238687911e-01 -3.605752414624373348e+00
9.971581730065577354e-01 5.235637979132450048e-02 5.416998709036714710e-02 9.365842212075227735e+01 -5.330595634702561814e-02 9.984462459840601767e-01 1.623480515025105611e-02 -4.003924772898235673e+00 -5.323582463109738372e-02 -1.907625160989985177e-02 9.983997413863661130e-01 -3.670586565678596092e+00
9.977269903791998740e-01 4.099812393606097616e-02 5.347902862419375014e-02 9.419967245748368612e+01 -4.209243337390851381e-02 9.989234349096465237e-01 1.949867280037983694e-02 -4.030483855008847094e+00 -5.262204596485225983e-02 -2.170541457877695965e-02 9.983785831318880977e-01 -3.706850527944849816e+00
9.981762245917079612e-01 2.738579580649388306e-02 5.379816770011071336e-02 9.472791280441089157e+01 -2.848967288245858598e-02 9.993967751321981563e-01 1.986012070489558481e-02 -4.035304766836707024e+00 -5.322183009719523572e-02 -2.135659250460008804e-02 9.983543122347384724e-01 -3.746302416750033615e+00
9.986499322552179203e-01 1.454377994238059690e-02 4.986773778342435542e-02 9.526435157784162300e+01 -1.527321427512672025e-02 9.997814150993037385e-01 1.427763803084011393e-02 -4.024444360479379590e+00 -4.964918662329551730e-02 -1.502000289684507495e-02 9.986537727263758990e-01 -3.804110637900194547e+00
9.986291735258640001e-01 4.610633389101811801e-03 5.213938859251348451e-02 9.580467660686377940e+01 -4.739209077650396833e-03 9.999860258848753958e-01 2.342633623014737237e-03 -4.036116159383861479e+00 -5.212785896589406526e-02 -2.586521742545888972e-03 9.986370693224376760e-01 -3.851173738761987764e+00
9.987585987783912378e-01 -2.276007375892865042e-03 4.976023670210449196e-02 9.635135340013836469e+01 2.605522241697355145e-03 9.999751003951830031e-01 -6.558189040550461285e-03 -4.053154300066111659e+00 -4.974407120524621667e-02 6.679699100143439428e-03 9.987396602718142669e-01 -3.902187428547769343e+00
9.988118838558828205e-01 8.227785303156866844e-04 4.872518551788716096e-02 9.688340605017057783e+01 -1.574317844092890735e-04 9.999067216153232351e-01 -1.365735273505538222e-02 -4.025534560058629197e+00 -4.873187748790033108e-02 1.363345532088320461e-02 9.987188458282529879e-01 -3.933279939815994553e+00
9.988130437996753930e-01 4.780487664968469975e-03 4.847319334758899007e-02 9.743366498666175346e+01 -3.795316571832936005e-03 9.997847813241255155e-01 -2.039574967463024524e-02 -4.082903034838002654e+00 -4.856026264083865979e-02 2.018756969909191179e-02 9.986162240429989900e-01 -3.993473225685686856e+00
9.986355624569528411e-01 1.561786235726298627e-02 4.983067099362714636e-02 9.852187616012730587e+01 -1.423158400257507755e-02 9.995050853353132370e-01 -2.805434735697559176e-02 -4.117329809293326370e+00 -5.024415799934531246e-02 2.730689957204556276e-02 9.983635899924931945e-01 -4.087582789896776703e+00
9.985154610536450814e-01 1.977863721561429894e-02 5.075115315655195913e-02 9.904093812154867749e+01 -1.838947204768862781e-02 9.994472655566035701e-01 -2.769459675162878887e-02 -4.138466121178907109e+00 -5.127086262814344042e-02 2.672019613178702041e-02 9.983272658622747153e-01 -4.113505214640097662e+00
9.974223484949548135e-01 5.453805542878161633e-02 4.662895273170999944e-02 1.006211901495402401e+02 -5.428744314164988399e-02 9.985033705972744533e-01 -6.625135698545962272e-03 -4.273940535426110188e+00 -4.692048848798392735e-02 4.076691787364090068e-03 9.988903084644078501e-01 -4.231423899452511073e+00
9.970959465653049802e-01 6.105251789580300875e-02 4.552211991571920857e-02 1.011279028139374248e+02 -6.133297576217650732e-02 9.981058740973425270e-01 4.788546390716622546e-03 -4.293748840053407179e+00 -4.514354247502885831e-02 -7.566647273557163163e-03 9.989518539058039881e-01 -4.287408620908528256e+00
9.973568801904186820e-01 5.610742433763703241e-02 4.616503515682739145e-02 1.016386640843637394e+02 -5.657790773773482829e-02 9.983580928390515252e-01 8.947559376282155502e-03 -4.268872758101312392e+00 -4.558721194430669088e-02 -1.153583100465956426e-02 9.988937534643895777e-01 -4.315036105230865005e+00
9.981660693609133439e-01 3.831560732709488049e-02 4.686589604115370955e-02 1.021443440961345601e+02 -3.892189189431224938e-02 9.991690795731152930e-01 1.209283905379906869e-02 -4.277225187849978738e+00 -4.636360973815373265e-02 -1.389477096498862273e-02 9.988279887107082144e-01 -4.347681404846987618e+00
9.988104776982048572e-01 2.354016952670476975e-02 4.270234254625642628e-02 1.026536600763007812e+02 -2.383349669120939096e-02 9.996956283890674477e-01 6.372991076223550634e-03 -4.300052743821856538e+00 -4.253932387513855579e-02 -7.383156400992334049e-03 9.990675126966167552e-01 -4.400617781968382047e+00
9.992438912675158935e-01 1.054648748422705277e-02 3.742215074388326179e-02 1.031569876870369313e+02 -1.069662434967300936e-02 9.999355156291156455e-01 3.814028192937499000e-03 -4.312237706252166625e+00 -3.737951299943409467e-02 -4.211435061779033630e-03 9.992922674686548490e-01 -4.399136995629349123e+00
9.993829994927870830e-01 2.293869720349259872e-03 3.504794553901894455e-02 1.036604437936279197e+02 -2.258653853475105916e-03 9.999969039021333606e-01 -1.044350955221314686e-03 -4.368542743760037261e+00 -3.505023263218313284e-02 9.645454129041439563e-04 9.993850863628975789e-01 -4.457175518450939400e+00
9.994801755515978492e-01 9.332401083306868933e-03 3.085911485067802801e-02 1.041243095290234209e+02 -9.084790363073608210e-03 9.999254833349870975e-01 -8.154407480089338744e-03 -4.404916309879935099e+00 -3.093291553355501794e-02 7.869820030510534664e-03 9.994904805295953265e-01 -4.519425417570248626e+00
9.993786465763195848e-01 1.568486656184500672e-02 3.156431098916678141e-02 1.046083173262689883e+02 -1.540339091115730703e-02 9.998395756762811226e-01 -9.141031665632095432e-03 -4.432402029786150166e+00 -3.170262316783573758e-02 8.649154433303208461e-03 9.994599220638449300e-01 -4.535159964740271832e+00
9.993077695623984180e-01 1.688408010242131718e-02 3.314980439338045121e-02 1.050794188957587068e+02 -1.667647868359301011e-02 9.998396202659198817e-01 -6.529073840668192866e-03 -4.459502263378174902e+00 -3.325472524228750143e-02 5.971732210694847415e-03 9.994290678499718750e-01 -4.551634194673283673e+00
9.992849441969654523e-01 1.856521410035796849e-02 3.293832307017948574e-02 1.055416184594792952e+02 -1.829096453098609520e-02 9.997956501405811380e-01 -8.608053002797294573e-03 -4.492478967035574478e+00 -3.309140247547475572e-02 7.999424065558001506e-03 9.994203161317192219e-01 -4.600258151794015760e+00
9.992947964192431254e-01 2.090984701002648882e-02 3.118794875333632741e-02 1.059923065716969148e+02 -2.073744402787507796e-02 9.997678927002926486e-01 -5.841159200613873885e-03 -4.521102325258238075e+00 -3.130284754801382352e-02 5.190281652613281706e-03 9.994964695844364977e-01 -4.623056567645852155e+00
9.992339611148461920e-01 2.373558896140516572e-02 3.111451062429171355e-02 1.064361811482053923e+02 -2.368437788092162682e-02 9.997174581891630218e-01 -2.013463730188024253e-03 -4.547396973127089126e+00 -3.115351022160506300e-02 1.274993511471177784e-03 9.995137984002112619e-01 -4.640307106539664161e+00
9.992217755780877786e-01 2.281668652491150237e-02 3.217517718051583070e-02 1.068685137269760617e+02 -2.266948416517912054e-02 9.997308463893763708e-01 -4.932470503296453555e-03 -4.550936853159937456e+00 -3.227905974867232436e-02 4.199237264684890954e-03 9.994700739432554881e-01 -4.692900783234996709e+00
9.993216818859465000e-01 1.437161076101812172e-02 3.390623713679922352e-02 1.073088013527847551e+02 -1.428636451802144970e-02 9.998941489539152627e-01 -2.755118252236097003e-03 -4.570288213865405957e+00 -3.394224361325120370e-02 2.268852542448456400e-03 9.994212207105866996e-01 -4.716375961151253904e+00
9.992476013536286672e-01 6.543603706784201744e-03 3.822842449733118708e-02 1.077194446662034437e+02 -6.178424424644594730e-03 9.999342255354591869e-01 -9.662901967336500614e-03 -4.598622248162953063e+00 -3.828914024431138985e-02 9.419440181346265539e-03 9.992223055386731945e-01 -4.756086867695184850e+00
9.992574014841738572e-01 1.955562079902230330e-03 3.848144170958444493e-02 1.081490821973932697e+02 -1.406606291737140654e-03 9.998969408746721799e-01 -1.428737513374583185e-02 -4.624811467463597836e+00 -3.850541569489338706e-02 1.422263711215264459e-02 9.991571695963250566e-01 -4.793749513859032696e+00
9.991274789314833482e-01 -3.101065986838246174e-03 4.164930051949995715e-02 1.085560931431724612e+02 3.883560766963093606e-03 9.998172238893991981e-01 -1.871995646000249730e-02 -4.628964747879908082e+00 -4.158363620208854750e-02 1.886537049305841290e-02 9.989569054750920829e-01 -4.785999159538243397e+00
9.990938603180297140e-01 -5.579953829220643882e-03 4.219386673535769489e-02 1.089452646564487992e+02 6.795630715236230038e-03 9.995642986262891494e-01 -2.872337575767941117e-02 -4.647766549179957352e+00 -4.201520769911171876e-02 2.898408230388661508e-02 9.986964730562545300e-01 -4.846446506643314223e+00
9.991683701460443157e-01 8.448309114334079731e-03 3.988977529149694001e-02 1.096925808682514258e+02 -6.985787556966368238e-03 9.993032998090428665e-01 -3.666215709648271148e-02 -4.629569703969500516e+00 -4.017171731338348151e-02 3.635300625624933446e-02 9.985312674444535297e-01 -4.889650227372604796e+00
9.989814488268148329e-01 2.680566335551267526e-02 3.629767639875600832e-02 1.100948023924623698e+02 -2.552179102223331442e-02 9.990478638188938776e-01 -3.538366829375143990e-02 -4.688951341361572211e+00 -3.721159876833209784e-02 3.442124650525753976e-02 9.987144109835047745e-01 -4.950891992035267641e+00
9.983996247898277998e-01 3.821931713735115393e-02 4.168300633454352644e-02 1.104818349292355748e+02 -3.696104118935820276e-02 9.988495955286648131e-01 -3.055105475137059531e-02 -4.735410218507412949e+00 -4.280269446810078260e-02 2.896151428667454938e-02 9.986636871522330816e-01 -4.962350086783256842e+00
9.978112440661612847e-01 5.242800422452529446e-02 4.029920083789122198e-02 1.108451825574416176e+02 -5.139438651388045926e-02 9.983328353866741667e-01 -2.627102631542090408e-02 -4.757289431078186581e+00 -4.160935291495648780e-02 2.414237274662191582e-02 9.988422335825422049e-01 -5.025021309159575011e+00
9.971682242848232125e-01 6.162350811641358755e-02 4.310540249294554649e-02 1.112222189990774979e+02 -6.096588871696079909e-02 9.980049612256248759e-01 -1.640907620770146180e-02 -4.812741062844390072e+00 -4.403059038445521212e-02 1.373465021270328656e-02 9.989357669509741910e-01 -5.035921103987021752e+00
9.965165961304546238e-01 7.076381943583330558e-02 4.412658490553299923e-02 1.115477787005037413e+02 -7.041575137139972906e-02 9.974734864273380186e-01 -9.394989797355193448e-03 -4.809604883701376288e+00 -4.467992385147549067e-02 6.255056621963775779e-03 9.989817709404322787e-01 -5.056294228510323840e+00
9.966307645251445413e-01 6.997845659044994726e-02 4.278007497941582055e-02 1.119496681850244784e+02 -6.975778358261465473e-02 9.975419171859806200e-01 -6.631371393552834038e-03 -4.864009752334757408e+00 -4.313897114752534429e-02 3.624785529744617256e-03 9.990625056012243377e-01 -5.096541870411058106e+00
9.971384309180504335e-01 5.676862560374668770e-02 4.992266753039212301e-02 1.123175421725482295e+02 -5.679956907199591037e-02 9.983852809955789942e-01 -7.997778530909490074e-04 -4.900509381478354243e+00 -4.988745873988770230e-02 -2.038096769136679351e-03 9.987527660147107467e-01 -5.060522413122958696e+00
9.985516853759496270e-01 4.899872345853917982e-02 2.221838725659594158e-02 1.126779015779358701e+02 -4.902360320372493169e-02 9.987974541257274019e-01 5.761604716851312065e-04 -4.894804455471049920e+00 -2.216343749904768970e-02 -1.664551410742247731e-03 9.997529751427733924e-01 -5.069856131258869247e+00
9.993016060466251016e-01 3.713137572197816594e-02 4.190595378818056868e-03 1.133461017515975158e+02 -3.712331621970284268e-02 9.993087207822876072e-01 -1.984933580741361607e-03 -4.884903819063066699e+00 -4.261401821892517316e-03 1.827978517734032797e-03 9.999892494167380574e-01 -5.145912827136064571e+00
9.990764849916002888e-01 3.935980766331932668e-02 1.723318535660704753e-02 1.136528028150768250e+02 -3.920209773098597139e-02 9.991871270892457302e-01 -9.395775254317135367e-03 -4.896622273067468889e+00 -1.758899287392235583e-02 8.711521098288318304e-03 9.998073498078693389e-01 -5.189750965897774293e+00
9.986521629564585334e-01 4.412133309192475816e-02 2.733432619580232134e-02 1.140077529475377958e+02 -4.383589769470812303e-02 9.989786757401717399e-01 -1.095534069355278903e-02 -4.914586984615419318e+00 -2.778977322120825336e-02 9.742349952868430835e-03 9.995663135188729287e-01 -5.190752796660460966e+00
