1.000000000000000000e+00 0.000000000000000000e+00 0.000000000000000000e+00 0.000000000000000000e+00 0.000000000000000000e+00 1.000000000000000000e+00 0.000000000000000000e+00 0.000000000000000000e+00 0.000000000000000000e+00 0.000000000000000000e+00 1.000000000000000000e+00 0.000000000000000000e+00
9.999521564348042846e-01 -9.781494231746512558e-03 8.492337172059333879e-05 1.739351269536950628e-01 9.781855535160411536e-03 9.999243590374675694e-01 -7.455971150627108482e-03 3.302643424781665643e-02 -1.198640923308745028e-05 7.456445138538995293e-03 9.999722002546980182e-01 8.907644676993427615e-03
9.996997265294098600e-01 -2.435621177293252268e-02 -2.689186697703104586e-03 4.446634104790906927e-01 2.432528340759259125e-02 9.996436867633741175e-01 -1.099000005775084034e-02 2.043210681370152132e-02 2.955903273678074736e-03 1.092128482373415886e-02 9.999359920383081857e-01 3.505573270020091031e-03
9.996099832740529267e-01 -2.650166961622068759e-02 -8.805841606583047695e-03 6.435465515123344193e-01 2.641070061768746244e-02 9.995982038838024941e-01 -1.029104878809206786e-02 8.558415977871840219e-02 9.075033428612095179e-03 1.005446666057893332e-02 9.999082715271641053e-01 -1.093820325625025590e-02
9.998959845847532613e-01 -1.068731785598523235e-02 -9.685104456428070621e-03 8.761881107472083707e-01 1.059474914467176815e-02 9.998981806165786468e-01 -9.559272473226666789e-03 7.348446997564808680e-02 9.786281308457290065e-03 9.455666909375111395e-03 9.999074052438309268e-01 -2.127247771454904984e-02
9.999623979912186655e-01 -5.138530620239157437e-03 -6.985564165946977176e-03 1.122159644911268739e+00 5.154412542918781689e-03 9.999841678829204383e-01 2.257435456565108980e-03 2.662359476167745764e-02 6.973853668460461806e-03 -2.293357052013569007e-03 9.999730525761396649e-01 -3.433464037070772801e-02
9.999705295368885860e-01 -5.794595697885172002e-03 -5.036141222464783629e-03 1.656347000153673532e+00 5.881289712531307008e-03 9.998317714441147253e-01 1.737352129652673660e-02 9.942054232048906648e-03 4.934621467937723438e-03 -1.740262829637079234e-02 9.998363856348430057e-01 -4.957831905826297347e-02
9.997204397133637732e-01 -2.199188790529889997e-02 -8.683276206558390373e-03 1.959448383614098788e+00 2.215211955885922068e-02 9.995776564614571313e-01 1.880936740220820122e-02 7.289891834277348326e-03 8.265955381480222589e-03 -1.899646202275607001e-02 9.997853811755047504e-01 -3.763953427613818403e-02
9.990861713873000483e-01 -4.101741211643426810e-02 -1.201640736398371968e-02 2.199545917563753950e+00 4.115355381081878261e-02 9.990888162863272859e-01 1.131026879986948147e-02 3.529482805906265785e-02 1.154154025278490529e-02 -1.179445101968925463e-02 9.998638326160905754e-01 -5.394744065019867196e-02
9.976766247713712010e-01 -6.685430510077575161e-02 -1.310932013100029984e-02 2.468751340005076234e+00 6.688997413896627386e-02 9.977577042396337248e-01 2.301084558213857198e-03 5.446142509709848978e-02 1.292608774893176139e-02 -3.172620359894362703e-03 9.999114214446992444e-01 -5.030853417723811505e-02
9.959851856835574280e-01 -8.879500955355211500e-02 -1.135588733980364730e-02 2.733215190154853147e+00 8.867362728712331610e-02 9.960023931923639440e-01 -1.078056486590486460e-02 1.065297276120284048e-01 1.226775132752801027e-02 9.730315178257582104e-03 9.998774041070723761e-01 -5.344555442446215221e-02
9.945133854164244225e-01 -1.037873236538413291e-01 -1.308883785273381659e-02 2.977164435353445882e+00 1.035393937152642996e-01 9.944555258185696633e-01 -1.837936663727913339e-02 1.948540789445455390e-01 1.492381240293030875e-02 1.692331580054069751e-02 9.997454081943448756e-01 -5.930554609488991602e-02
9.948487602257628515e-01 -1.003431359705779236e-01 -1.439442047644497701e-02 3.233446699110572364e+00 9.996486188287795338e-02 9.946780113448525640e-01 -2.495355958147914624e-02 2.422842458336881000e-01 1.682173195600619384e-02 2.338608155804234104e-02 9.995849741384476017e-01 -6.715269815268191944e-02
9.959467011167935091e-01 -8.916058743437092760e-02 -1.185572363604636345e-02 3.495017019875734654e+00 8.885902694430895810e-02 9.957572415331050752e-01 -2.390793309535685016e-02 2.419732011628444868e-01 1.393706802333201725e-02 2.275753903082193899e-02 9.996438628592553277e-01 -7.554174321224138566e-02
9.959908951784206543e-01 -8.884456144549576773e-02 -1.042979497620748035e-02 3.801789384298325025e+00 8.864087803529049903e-02 9.958901162611423219e-01 -1.859223156324232504e-02 2.253636328597589666e-01 1.203874839096451439e-02 1.759318717361911880e-02 9.997727483294656103e-01 -9.158784661924262993e-02
9.965166405086737234e-01 -8.271600573768729536e-02 -1.061355661922856047e-02 4.067266738126939174e+00 8.250744366944416652e-02 9.964135155076261352e-01 -1.877838791981899583e-02 2.802441562704585110e-01 1.212876450592503125e-02 1.783727861913323234e-02 9.997673352150605597e-01 -9.495689512776474273e-02
9.968121778714993386e-01 -7.942092736620381954e-02 -7.602522171654333555e-03 4.353367469836293857e+00 7.926572891575112134e-02 9.966741942642434182e-01 -1.890753043567172664e-02 2.851445366627719524e-01 9.078891261215402131e-03 1.824463713021925310e-02 9.997923319117093532e-01 -9.859748035854253023e-02
9.968483712958771115e-01 -7.847438494791914021e-02 -1.162306120619210383e-02 4.645161717218991626e+00 7.820672277916190795e-02 9.966959953577140263e-01 -2.192718290248597823e-02 3.021933020393539060e-01 1.330538074992238494e-02 2.094907503785205238e-02 9.996920041183474659e-01 -1.216351838178496847e-01
9.972297504620349917e-01 -7.363775311654792433e-02 -1.050267153508211218e-02 4.913004281489741665e+00 7.332137613904109175e-02 9.969190981026795351e-01 -2.786193889910149740e-02 3.239116340948476336e-01 1.252200441242312320e-02 2.701468404565089687e-02 9.995566048260643432e-01 -1.241664901067069948e-01
9.975051412386840566e-01 -7.032543541135237442e-02 -6.150311910515204351e-03 5.191463362071686127e+00 7.007024326556642035e-02 9.969331601844119151e-01 -3.484874651154614561e-02 3.267799191823297922e-01 8.582203161034080222e-03 3.433084995926202060e-02 9.993736731223098468e-01 -1.465691538547302109e-01
9.976704919660941417e-01 -6.821694477755943509e-02 1.946929559248999995e-04 5.480815010806282750e+00 6.817732310367408122e-02 9.969853058451586536e-01 -3.704257743803383157e-02 3.407989893523764580e-01 2.332825443300138094e-03 3.696956010085745287e-02 9.993136692507513796e-01 -1.227956468765989129e-01
9.977070493904544035e-01 -6.758597139577877944e-02 -3.574921968708085103e-03 6.059784015881566788e+00 6.739734388462305381e-02 9.969729055047792388e-01 -3.876369082861524235e-02 3.635667607732884221e-01 6.183982041633367087e-03 3.843386735481581912e-02 9.992420108293391667e-01 -1.585600006302984588e-01
9.980461156236851705e-01 -6.239174628596969724e-02 -3.349788629264183540e-03 6.348815451525849696e+00 6.222867892714015886e-02 9.973954966343508977e-01 -3.646662600926245390e-02 3.713281466799686070e-01 5.616280571380298514e-03 3.618692151736177531e-02 9.993292571038034922e-01 -1.319937383586903823e-01
9.986565447156485753e-01 -5.064887913197391872e-02 -1.094516967783451707e-02 6.626250051492489135e+00 5.029273693683903451e-02 9.982633222072517798e-01 -3.067539970632153848e-02 3.917749179059134557e-01 1.247983605676762815e-02 3.008372613915008889e-02 9.994694708261883109e-01 -1.472565711414330347e-01
9.992505204669764884e-01 -3.523736304224820565e-02 -1.602265871525148863e-02 6.919771210145210460e+00 3.475972541649260256e-02 9.989698876488715129e-01 -2.917061980436932642e-02 3.866072138314439188e-01 1.703404929682494559e-02 2.859181380447602464e-02 9.994460212277216371e-01 -1.980436439766565249e-01
9.994159624584174617e-01 -3.142162773269757681e-02 -1.343187603959201774e-02 7.222762697876379256e+00 3.118145938281191229e-02 9.993564599182820363e-01 -1.773083783573865466e-02 3.574719738720337769e-01 1.398036387485128255e-02 1.730165686363536667e-02 9.997525704371555966e-01 -1.764077594509057545e-01
9.996833137466700769e-01 -2.212789280572845588e-02 -1.198451402664615917e-02 7.801048340673638393e+00 2.191999102171135125e-02 9.996115959870432999e-01 -1.720962410525799999e-02 3.716912466545442273e-01 1.236067191073290245e-02 1.694147361401522958e-02 9.997800759475560239e-01 -2.182461262206360497e-01
9.995398534010326852e-01 -2.715020324639793106e-02 -1.352582443777015399e-02 8.110590077387229258e+00 2.696749614960059979e-02 9.995449850749221765e-01 -1.351210431409061510e-02 3.649235670040130719e-01 1.388652636419107807e-02 1.314112914679985492e-02 9.998172208510331949e-01 -1.982027354302294542e-01
9.994112168721751566e-01 -2.940225989217564243e-02 -1.768408050510262772e-02 8.394508007254410487e+00 2.913400723045507859e-02 9.994593265170524932e-01 -1.524021852782124313e-02 3.817208563673689659e-01 1.812261605767176084e-02 1.471603721498808935e-02 9.997274673809424250e-01 -1.894575764600834045e-01
9.992522266705106126e-01 -3.223655763053467210e-02 -2.134928209939661661e-02 8.693208425448027299e+00 3.173706848044397649e-02 9.992238017746889467e-01 -2.333564764913892420e-02 3.693304071093224117e-01 2.208497177480671717e-02 2.264063424620366832e-02 9.994997027026248926e-01 -2.296122860134476862e-01
9.991887069025477963e-01 -3.463635485942414410e-02 -2.054874498519351778e-02 8.978676588551442350e+00 3.402482879667093757e-02 9.989885169250365404e-01 -2.939819853789057275e-02 3.845709388582004284e-01 2.154620671421543510e-02 2.867518045223159395e-02 9.993565404810538233e-01 -2.263529823315202916e-01
9.992798466806427360e-01 -3.308672618262122750e-02 -1.857569832946511651e-02 9.259328712977838549e+00 3.239685047319789540e-02 9.988161843628127201e-01 -3.628600190609409387e-02 4.024151321801973102e-01 1.975429313664002484e-02 3.565807630016030322e-02 9.991687892930021242e-01 -2.146540368950176636e-01
9.993306339786931503e-01 -3.360881690585858922e-02 -1.444754020350184735e-02 9.569698911648645279e+00 3.297476964492832702e-02 9.985696687993811382e-01 -4.208659074762629432e-02 3.745256772831154213e-01 1.584135595860535622e-02 4.158201510368086246e-02 9.990095031886884192e-01 -2.313581763604009578e-01
9.994302589149095528e-01 -2.949660743010569172e-02 -1.640450289984668117e-02 9.858729798809022782e+00 2.873012874847976836e-02 9.985672171715744838e-01 -4.514523775896481933e-02 3.655897174303108788e-01 1.771263016529789000e-02 4.464821318184995086e-02 9.988457337308376260e-01 -2.696417583731834933e-01
9.997496869345020576e-01 -1.628530631600861103e-02 -1.534119527803703108e-02 1.015356330312418720e+01 1.559854969056199102e-02 9.989155181935743810e-01 -4.386881306365327665e-02 3.420832027929410768e-01 1.603897508933049137e-02 4.361853172971848908e-02 9.989195037478382222e-01 -2.496390533016528135e-01
9.998757673030166382e-01 -6.427640323885696130e-03 -1.439219927844629515e-02 1.045673245429269116e+01 5.817388928361422185e-03 9.990986057075850191e-01 -4.204918618969612221e-02 3.019635988629744694e-01 1.464950327690087151e-02 4.196023728515262119e-02 9.990118770769013112e-01 -2.539065476842101154e-01
9.998865802428632543e-01 1.650596962984957668e-03 -1.497004274870371646e-02 1.073434033371168184e+01 -2.236972699174803389e-03 9.992273819432938575e-01 -3.923818456419532474e-02 3.187977217492855009e-01 1.489371019509170072e-02 3.926722175576589924e-02 9.991177421566529437e-01 -2.781686650165781094e-01
9.998385558674610651e-01 1.261038264563612080e-02 -1.280001759376367398e-02 1.103943349193363410e+01 -1.307595754561919482e-02 9.992309829104831786e-01 -3.696568849642636184e-02 2.863081969045968567e-01 1.232402268478862903e-02 3.712709308955258053e-02 9.992345557593494965e-01 -2.683815507799446332e-01
9.996165442100781728e-01 2.245542374353199852e-02 -1.620242222629761017e-02 1.133268762772374671e+01 -2.299758835647439451e-02 9.991541341834013767e-01 -3.408998495164969333e-02 2.592738199430658641e-01 1.542321209369036314e-02 3.444952958627982287e-02 9.992874233372484039e-01 -2.958424142203169849e-01
9.993323494824922770e-01 3.359510406121955783e-02 -1.436051046856281349e-02 1.163992773348296872e+01 -3.395278591868379492e-02 9.990997323878133551e-01 -2.543487902388710462e-02 2.478639716350634070e-01 1.349309475850148099e-02 2.590547675136619168e-02 9.995733303105492906e-01 -2.713248673461921001e-01
9.989967604175871152e-01 4.231224089089172247e-02 -1.466788825827282892e-02 1.193874138877229285e+01 -4.262151866242790132e-02 9.988608697314655949e-01 -2.145621276479961134e-02 2.223579507447553671e-01 1.374331917967192528e-02 2.205985471600367329e-02 9.996621849344079491e-01 -3.124452763914371545e-01
9.985994657758240356e-01 5.067174114005860291e-02 -1.521451944931871171e-02 1.223356926484591511e+01 -5.093763306580725153e-02 9.985462309072656861e-01 -1.762901808232460524e-02 1.965768631756145968e-01 1.429910801036152028e-02 1.837931964814367922e-02 9.997288312934560217e-01 -3.172028728183561297e-01
9.985699327386974300e-01 5.120676488072416210e-02 -1.536088085636438429e-02 1.256100670851228074e+01 -5.142023261123568334e-02 9.985812091717377603e-01 -1.383937741794927061e-02 1.575982729429221130e-01 1.463041723395481532e-02 1.460944624413478519e-02 9.997862346381850562e-01 -3.129744135501688618e-01
9.988906511891579854e-01 4.377709016141230480e-02 -1.735031250149607004e-02 1.314503626757352528e+01 -4.411838661278982832e-02 9.988300395804511345e-01 -1.980201995754296909e-02 1.361904384061425610e-01 1.646313850954307309e-02 2.054552040504451990e-02 9.996533632523333379e-01 -3.312384403197077276e-01
9.987888402597041582e-01 4.486891927416788994e-02 -2.018991470619536238e-02 1.344602397299011542e+01 -4.530173901060981223e-02 9.987416060822345010e-01 -2.151642913899537435e-02 1.287619163963933389e-01 1.919908891822294517e-02 2.240500755293382829e-02 9.995646105286356553e-01 -3.379078837886668740e-01
9.987660817564367743e-01 4.638279747604626829e-02 -1.774683158174162126e-02 1.374904253841943635e+01 -4.677171489174038882e-02 9.986596414666057964e-01 -2.216590155793779493e-02 1.105453754325576021e-01 1.669492794175451642e-02 2.296860039459338448e-02 9.995967800953208249e-01 -3.408960876715962929e-01
9.985450742905983557e-01 5.124772508100242097e-02 -1.677513886694964942e-02 1.436244293556825902e+01 -5.156023484456445649e-02 9.984936820941651137e-01 -1.875923774596648802e-02 7.722018897057844611e-02 1.578850191616704493e-02 1.959687454821120584e-02 9.996832927058373341e-01 -3.587015610176949587e-01
9.986369495549377584e-01 4.977518086877855824e-02 -1.570587002012464525e-02 1.466740598652730476e+01 -5.001307115181356094e-02 9.986338684412247035e-01 -1.513570335591551443e-02 4.652062263447960533e-02 1.493103136331525721e-02 1.590057142353753367e-02 9.997620897647763183e-01 -3.716295168702620222e-01
9.985723112800212187e-01 5.167083008829315149e-02 -1.354490542097138914e-02 1.495040949318456569e+01 -5.183869505877466977e-02 9.985791091675030318e-01 -1.234959225397509394e-02 4.428280572745506988e-02 1.288754590601684513e-02 1.303411110213543653e-02 9.998319974417189115e-01 -3.649661157766318498e-01
9.985604237899552427e-01 5.241063653199492384e-02 -1.141075013905736533e-02 1.523705346544954153e+01 -5.251860131651501368e-02 9.985759214124100280e-01 -9.376870006201349153e-03 3.338613978906634222e-02 1.090305260841321032e-02 9.962647924491261145e-03 9.998909285967898519e-01 -3.784242973911359220e-01
9.985962026175949635e-01 5.222252567532038869e-02 -8.856180317147637968e-03 1.553492503082449794e+01 -5.229949754830005848e-02 9.985935951980623448e-01 -8.694491681730195237e-03 1.819288331414340917e-02 8.389676627539760165e-03 9.145460157850004990e-03 9.999229839765593209e-01 -4.026620639162096227e-01
9.989959296241064379e-01 4.395362148682873532e-02 -8.672470966228093894e-03 1.584351229448263787e+01 -4.400439663271583229e-02 9.990147704969455367e-01 -5.753382129306244992e-03 3.151564125951539230e-02 8.411044611587170997e-03 6.129232180932625736e-03 9.999458419541601417e-01 -3.921242687973142127e-01
9.994206762367706665e-01 3.385106697959759658e-02 -3.523801183206812151e-03 1.612818142323028781e+01 -3.387675361326163148e-02 9.993978419778832833e-01 -7.504599561350215262e-03 2.743971160048900432e-02 3.267640595649674590e-03 7.619626912956421402e-03 9.999656313147192721e-01 -4.020830298554026738e-01
9.995826318637357488e-01 2.831916789209580967e-02 -5.708485461710887526e-03 1.644387655516117519e+01 -2.836387297533528654e-02 9.995663775241323545e-01 -7.908706159842918137e-03 3.352492926561474740e-02 5.482042156561681492e-03 8.067320074410237740e-03 9.999524316489313280e-01 -4.082353811801232579e-01
9.996482724039137402e-01 2.565708912590343102e-02 -6.711576376384194124e-03 1.673140718387847414e+01 -2.569716044833613225e-02 9.996520425806472154e-01 -5.953965840712279606e-03 2.035079489045112447e-02 6.556479601360738589e-03 6.124340121625153344e-03 9.999597517066932673e-01 -4.225705737039710530e-01
9.995284083933615449e-01 2.957471507202714261e-02 -8.264202504894702442e-03 1.704243652473514103e+01 -2.964252291988734439e-02 9.995268741114010647e-01 -8.206629273657768328e-03 2.222782330661290939e-02 8.017583774270828009e-03 8.447730908339451047e-03 9.999321747963323403e-01 -4.151615620696238462e-01
9.994950661777314282e-01 2.872027853223101460e-02 -1.359258207270840936e-02 1.735488886014184118e+01 -2.885608882707188169e-02 9.995345190950767345e-01 -9.903094212305202371e-03 -4.981979340062836492e-03 1.330183536119663133e-02 1.029032256077163504e-02 9.998585752183249964e-01 -4.302908896946449624e-01
9.994764201546446625e-01 2.834915192526908309e-02 -1.559522811549192943e-02 1.767753571780208333e+01 -2.857953883036065332e-02 9.994826326233317015e-01 -1.475388235611814133e-02 -3.642036518259823136e-02 1.516889960083213189e-02 1.519186194817076854e-02 9.997695293493633617e-01 -4.407178880924104702e-01
9.994735062213574439e-01 2.888189072439004135e-02 -1.478332674909572410e-02 1.798357230303878751e+01 -2.916815074598053115e-02 9.993837305105052193e-01 -1.952890608727453695e-02 -2.398902147352972164e-02 1.421018450428748574e-02 1.994982654286060406e-02 9.996999925363928563e-01 -4.551449960350025248e-01
9.996027325420728804e-01 2.533160181467825761e-02 -1.235665990159783532e-02 1.831166611297828339e+01 -2.561832390111025426e-02 9.993925855288878779e-01 -2.362544116799599955e-02 -7.115146369858660336e-02 1.175068401919521048e-02 2.393261246473578005e-02 9.996445125571858936e-01 -4.668272944842325467e-01
9.996296374512109173e-01 2.467075101722863290e-02 -1.148659973214825186e-02 1.861018946676160724e+01 -2.495139872475542892e-02 9.993768569427652348e-01 -2.496648771609663586e-02 -6.987589501051788554e-02 1.086349993505541026e-02 2.524384779398029105e-02 9.996222949282971282e-01 -4.714130750561857930e-01
9.997028677251578177e-01 2.102394335409171408e-02 -1.233572324347275741e-02 1.921716855554115000e+01 -2.132694473128663240e-02 9.994607271910018742e-01 -2.496830453319610899e-02 -6.791806048381653083e-02 1.180413870319460025e-02 2.522396893190519823e-02 9.996121316294626080e-01 -4.632132234802486259e-01
9.994853034285319238e-01 2.638487310075332548e-02 -1.824737520392130316e-02 1.982189012784117566e+01 -2.680679501046558111e-02 9.993695717206863005e-01 -2.327777609822269736e-02 -8.514327654084877239e-02 1.762169037415014725e-02 2.375494875324410740e-02 9.995624935130811295e-01 -4.904095762563837613e-01
9.993249196976631277e-01 3.352399762834490371e-02 -1.502818865578790797e-02 2.015102206081575176e+01 -3.386272487115216112e-02 9.991645144491839714e-01 -2.288206568094433221e-02 -1.347926848521903975e-01 1.424853450569145072e-02 2.337551386688906455e-02 9.996252120749551384e-01 -5.047448664286269260e-01
9.990630087586728214e-01 4.143120928526008995e-02 -1.251237096752288828e-02 2.047576162926577581e+01 -4.163564186756399388e-02 9.989958559655992554e-01 -1.654548548201784791e-02 -1.588385368313007528e-01 1.181430727312792785e-02 1.705094310355557974e-02 9.997848205903785423e-01 -4.995911392257373906e-01
9.988924141124988498e-01 4.576859113185494793e-02 -1.091700940318785298e-02 2.077558287116136526e+01 -4.589221889699430373e-02 9.988818466472698665e-01 -1.135608573631371326e-02 -1.475557382302348786e-01 1.038505046759825856e-02 1.184451368124656012e-02 9.998759214134722573e-01 -5.063162706516308731e-01
9.987834678231527485e-01 4.781989672951762055e-02 -1.203502720958410203e-02 2.111003639525738507e+01 -4.794089464514702387e-02 9.988003712436079873e-01 -9.974418492014256246e-03 -1.927324862358461011e-01 1.154361398263441078e-02 1.053925426247953080e-02 9.998778270847947791e-01 -5.276749886531836298e-01
9.990358690064066183e-01 3.959002378266462951e-02 -1.897267655081699353e-02 2.199795027853033247e+01 -3.986939254272894861e-02 9.990985233120336373e-01 -1.457985781781187713e-02 -1.964916758711613975e-01 1.837835620744306467e-02 1.532223001399829303e-02 9.997136916590221301e-01 -5.353344855052675211e-01
9.988404025950158305e-01 4.439593132600407749e-02 -1.862394763532582848e-02 2.231761820234393667e+01 -4.465118104221998258e-02 9.989111351380777215e-01 -1.352095147139652578e-02 -2.130264735372198182e-01 1.800339344016908816e-02 1.433685386874313655e-02 9.997351311451372347e-01 -5.336668144633096578e-01
9.982181340368253553e-01 5.662850779685446589e-02 -1.880874755905063284e-02 2.260351389226664054e+01 -5.687217023484782141e-02 9.983009126552256918e-01 -1.268243054473435286e-02 -2.293916973047123442e-01 1.805860273711643732e-02 1.372952644649896858e-02 9.997426603735273254e-01 -5.356103991641826267e-01
9.982970070003281959e-01 5.532884385149207385e-02 -1.848796506497847603e-02 2.294423169645732230e+01 -5.559249903206615884e-02 9.983544761770749565e-01 -1.406463467595540050e-02 -2.414054286512910541e-01 1.767936270221243111e-02 1.506847488153899468e-02 9.997301541912138045e-01 -5.794869196093187513e-01
9.987841466684251879e-01 4.662266814309957985e-02 -1.601733994907398109e-02 2.324242824521762429e+01 -4.682259171277770859e-02 9.988269736918999886e-01 -1.234186091232244292e-02 -2.508730911174444356e-01 1.542314070234443273e-02 1.307682838837461586e-02 9.997955407432944641e-01 -5.601009335007818279e-01
9.990168529368417261e-01 4.091976353343829836e-02 -1.705580547896501029e-02 2.355375471162823686e+01 -4.119533430358577469e-02 9.990208809001611678e-01 -1.613145861606401013e-02 -2.467816959506249352e-01 1.637901034203863640e-02 1.681821862842406215e-02 9.997243997934540660e-01 -5.569578842462622470e-01
9.993467100674036097e-01 3.109232292490615376e-02 -1.842336919757122521e-02 2.385237317191969098e+01 -3.138799977692643961e-02 9.993794723109121758e-01 -1.598323476541239213e-02 -2.678103196338296188e-01 1.791498109014705992e-02 1.655106578731342648e-02 9.997025135878391255e-01 -5.704198961840915016e-01
9.994247386137816713e-01 2.727341124209861287e-02 -2.015819649655123738e-02 2.417631458164362002e+01 -2.763895637127473590e-02 9.994543929094700241e-01 -1.808326808597927188e-02 -2.974708047855190163e-01 1.965400563450039537e-02 1.863001699360453817e-02 9.996332540133591182e-01 -5.686426848413731472e-01
9.994431835059035540e-01 2.597902355724809528e-02 -2.093832081607376744e-02 2.448780940523825222e+01 -2.641336944249210797e-02 9.994359019312208936e-01 -2.074154877585910467e-02 -2.915878973224679260e-01 2.038766436547608668e-02 2.128305114260797826e-02 9.995655930832062497e-01 -5.909905224730765960e-01
9.995702661960054192e-01 2.074222932290840579e-02 -2.071334979096326953e-02 2.481463846299347509e+01 -2.115222653556492541e-02 9.995806798336247523e-01 -1.977492897425071894e-02 -3.176022656614819750e-01 2.029448815405459836e-02 2.020456448588774101e-02 9.995898705591711453e-01 -5.935648723111183189e-01
9.996403899233324841e-01 1.854871385105518952e-02 -1.936584747434227233e-02 2.513053057894839881e+01 -1.899800834057721946e-02 9.995484551775692950e-01 -2.328006510356203304e-02 -3.578905255931186802e-01 1.892528766014334174e-02 2.363960588940521371e-02 9.995413961014193438e-01 -6.161532066950371478e-01
9.996649303991023139e-01 1.840120601184979873e-02 -1.820501434954959266e-02 2.542846226871158066e+01 -1.888614032146053792e-02 9.994614767382113962e-01 -2.683412417113322651e-02 -3.626033730472780769e-01 1.770143027882058531e-02 2.716895532741656072e-02 9.994741153389120614e-01 -6.251673782484602482e-01
9.995742844960519013e-01 2.276818372496874909e-02 -1.824443981250175803e-02 2.574613826863841837e+01 -2.325097351430652215e-02 9.993729949643893606e-01 -2.670223148996225121e-02 -3.851860076508851205e-01 1.762503914443732181e-02 2.711506492289079973e-02 9.994769288229641280e-01 -5.937872383325395464e-01
9.993760159879363503e-01 2.920027094070061155e-02 -1.987266577662891512e-02 2.606263906973262579e+01 -2.982159410396089880e-02 9.990517380041942230e-01 -3.172218964537921321e-02 -4.221785650056100736e-01 1.892752475044022845e-02 3.229503007876715487e-02 9.992991443201745261e-01 -6.139166118531778071e-01
9.990213351504312334e-01 3.865850869859631389e-02 -2.149166395257195647e-02 2.635672522965214881e+01 -3.943879135066315211e-02 9.985310516080339038e-01 -3.715266762095119357e-02 -4.565836932341879040e-01 2.002382708296754701e-02 3.796391286148691202e-02 9.990784692251138965e-01 -6.495325533940403684e-01
9.984975182242047387e-01 4.929363468933062320e-02 -2.393415298728658255e-02 2.666946280442712691e+01 -5.016995318153774641e-02 9.980360954890468150e-01 -3.750903756083968227e-02 -4.707364629231828301e-01 2.203819180119659729e-02 3.865345625028882709e-02 9.990096237885002228e-01 -6.482105461344073172e-01
9.980377812196375986e-01 5.839064290775018012e-02 -2.260796494606475554e-02 2.698433454540579390e+01 -5.922546367182120880e-02 9.975131340192633367e-01 -3.820853192580248026e-02 -5.002026866877129496e-01 2.032072122343779597e-02 3.947252563349455678e-02 9.990140079143396967e-01 -6.443268782785482873e-01
9.973245024040470197e-01 6.987761839168216138e-02 -2.146987080600197897e-02 2.728789159744977511e+01 -7.063681767849866455e-02 9.968189093240391596e-01 -3.691208477297888702e-02 -5.436466020877668281e-01 1.882224462635928228e-02 3.832988992861165178e-02 9.990878553186831601e-01 -6.623275583704135716e-01
9.964921331859097897e-01 8.096417854137755166e-02 -2.117144991999603959e-02 2.759394647304641879e+01 -8.159325505370421117e-02 9.961908891688456835e-01 -3.076122667784556008e-02 -5.821997877108798791e-01 1.860024807189766816e-02 3.238076790480060030e-02 9.993025150781715826e-01 -6.593380310044784087e-01
9.956161820444978661e-01 9.094573090165140872e-02 -2.184701540031505629e-02 2.790804342885864031e+01 -9.138591830513960457e-02 9.956132307260030512e-01 -2.007258675051379337e-02 -6.215006545098736845e-01 1.992566151131613256e-02 2.198110174888783658e-02 9.995598027027905452e-01 -6.665936255430850998e-01
9.936280078652082182e-01 1.114494058316535113e-01 -1.680511605401857275e-02 2.850216218177245509e+01 -1.114194538087998482e-01 9.937697697251105522e-01 2.711105576948475218e-03 -6.536047726018952009e-01 1.700256741690358772e-02 -8.214135816033260509e-04 9.998551084937065125e-01 -6.881989987056101876e-01
9.935293288297076808e-01 1.125864481976928677e-01 -1.495875788355136016e-02 2.880821991286358852e+01 -1.124338976629511155e-01 9.936018334649960870e-01 1.067778962685058536e-02 -6.708992959346482543e-01 1.606522366814486930e-02 -8.926825708305601015e-03 9.998310959213391191e-01 -6.723929282647396199e-01
9.943733436533369607e-01 1.054297771595075622e-01 -1.030609139195137226e-02 2.911231484975963113e+01 -1.053058028154674058e-01 9.943685351435309627e-01 1.191235534637280838e-02 -6.821465022226140817e-01 1.150396997008299414e-02 -1.076003738864041853e-02 9.998759324387813674e-01 -6.726412498693127295e-01
9.951936590571625052e-01 9.724065783296931276e-02 -1.156872666405510224e-02 2.943696700485278228e+01 -9.706665802006742005e-02 9.951684813603173252e-01 1.475661234209812989e-02 -7.057755484568634108e-01 1.294777483707206141e-02 -1.356274939719324946e-02 9.998241880228529999e-01 -7.089624705528004833e-01
9.960196683159897590e-01 8.862618541219584312e-02 -9.498399180323514185e-03 2.974673114126039053e+01 -8.843842327449218110e-02 9.959072241556256033e-01 1.863990781517444600e-02 -7.188792979739792033e-01 1.111150828769194923e-02 -1.772569135237113402e-02 9.997811431756716827e-01 -6.796623060034470143e-01
9.965379597880529294e-01 8.245222852492033183e-02 -1.066417895289311323e-02 3.005441647885264089e+01 -8.225192679368005522e-02 9.964485316782638602e-01 1.802621022175977458e-02 -7.462136626481330470e-01 1.211260666380738031e-02 -1.708665349055496149e-02 9.997806414570655775e-01 -6.902239960527554175e-01
9.970717141828219221e-01 7.457512931372541065e-02 -1.692769518777766102e-02 3.038150811923385675e+01 -7.424618079817123240e-02 9.970532734235466599e-01 1.929441868197948398e-02 -7.843625734253718562e-01 1.831669766673151706e-02 -1.798110239199427265e-02 9.996705349980833377e-01 -7.353499117688364617e-01
9.980018436964352979e-01 6.103169766106505967e-02 -1.635395545806405185e-02 3.097651777432958653e+01 -6.073938834767045325e-02 9.979947254955635616e-01 1.781164187226198098e-02 -7.963000286046433285e-01 1.740823602973236642e-02 -1.678272217619022899e-02 9.997076040296432042e-01 -7.298460489920519656e-01
9.984727587440782592e-01 5.284604923642806373e-02 -1.610730039735813052e-02 3.129862253263575766e+01 -5.259033563758158669e-02 9.984894829510895242e-01 1.590625768659493372e-02 -8.283161880294650503e-01 1.692355292236910613e-02 -1.503487665951622719e-02 9.997437400855866407e-01 -7.416868160485833306e-01
9.988644311710718204e-01 4.478381190621268798e-02 -1.625602449678258815e-02 3.161168752183369079e+01 -4.449150904728228079e-02 9.988490555060037801e-01 1.791842452504336866e-02 -8.154446953934025855e-01 1.703977006847896131e-02 -1.717482185971778638e-02 9.997072930263639634e-01 -7.377241506127569792e-01
9.994369239270688432e-01 2.979279758377932630e-02 -1.543451662120887656e-02 3.193576877944572701e+01 -2.957770618757463860e-02 9.994646952252470573e-01 1.398149830975087271e-02 -8.081068254520007432e-01 1.584280239982590113e-02 -1.351710806481956975e-02 9.997831231830651699e-01 -7.335008435283016937e-01
9.998586064856852529e-01 5.342207601412998254e-03 -1.594452427784943602e-02 3.223180151055461806e+01 -5.194658711574178488e-03 9.999434376318819817e-01 9.281005215212322079e-03 -7.684968979390773836e-01 1.599320347440722975e-02 -9.196866579326733876e-03 9.998298030603750552e-01 -7.326851422890880983e-01
9.995954845702931246e-01 -1.970269932159741250e-02 -2.051026245867039119e-02 3.253977357051064700e+01 1.975794721902947304e-02 9.998016808211834805e-01 2.494503723472811952e-03 -7.492412847936835707e-01 2.045704642344208304e-02 -2.898735341334057313e-03 9.997865305079129961e-01 -7.479758495589633460e-01
9.989752098145494585e-01 -3.972834794952567750e-02 -2.168383142293693611e-02 3.286112919295311485e+01 3.962671016340610364e-02 9.992015526656643498e-01 -5.097155299867831002e-03 -7.233596634102884559e-01 2.186901958484503000e-02 4.232672882113930335e-03 9.997518844506724234e-01 -7.312660248137969887e-01
9.982475459020655473e-01 -5.460760087503453708e-02 -2.280015410422523217e-02 3.318763694421496524e+01 5.430824770631215159e-02 9.984322918610428754e-01 -1.354890402117898095e-02 -7.352175097223395683e-01 2.350428326014925365e-02 1.228692377197019257e-02 9.996482282146297305e-01 -7.616940215753948973e-01
9.982512082779598783e-01 -5.369956303204003606e-02 -2.471602924745575081e-02 3.351287043803099408e+01 5.306683756385457279e-02 9.982632485013420709e-01 -2.558119314104214878e-02 -7.374361352710178119e-01 2.604680254013154450e-02 2.422485545293897105e-02 9.993671599846172260e-01 -7.790985694590983890e-01
9.984074665579513175e-01 -5.022927067925739980e-02 -2.568172674029581271e-02 3.385402540865921139e+01 4.952577248546433802e-02 9.983987883085548853e-01 -2.733235013180343453e-02 -7.542083498351301873e-01 2.701348887225334117e-02 2.601691509459500007e-02 9.992964482814442606e-01 -7.848307493699269166e-01
9.993099168142278721e-01 -2.725136395268096950e-02 -2.523991520309617348e-02 3.416765825290733005e+01 2.661968383518754921e-02 9.993321290763593767e-01 -2.503374179433068281e-02 -7.702325890784829099e-01 2.590526180635161629e-02 2.434458786730808733e-02 9.993679294695799742e-01 -7.946422486825555076e-01
9.996179047914754978e-01 -1.078190454003994346e-02 -2.545181633577620756e-02 3.448675381772433468e+01 1.013986527883546825e-02 9.996304648473365306e-01 -2.522135764040032632e-02 -7.658685908798933406e-01 2.571434526539000814e-02 2.495364269174701541e-02 9.993578378959084851e-01 -8.009406862372984159e-01
9.995316728148637697e-01 -1.317062575915169988e-02 -2.762190538381665075e-02 3.480633066507141393e+01 1.275923943572578913e-02 9.998058235135730554e-01 -1.501722602106937005e-02 -7.716254211475345182e-01 2.781432812314489980e-02 1.465775854141528750e-02 9.995056344341434196e-01 -7.816257729663104170e-01
9.995086737433462876e-01 -1.516900303647584526e-02 -2.742831490807161668e-02 3.511072919956600202e+01 1.452938810904178500e-02 9.996212904148349399e-01 -2.337033655207153629e-02 -7.331119686359595100e-01 2.777243224843283995e-02 2.296033745962028014e-02 9.993505465604882732e-01 -7.997779098768545980e-01
9.992145416324326179e-01 -2.981205869093062760e-02 -2.610633920901229976e-02 3.543743150455119206e+01 2.906200152687085647e-02 9.991668329235545709e-01 -2.865379648084575778e-02 -7.207362480693730866e-01 2.693881692910179287e-02 2.787258764668398489e-02 9.992484270692340020e-01 -7.871100644597184282e-01
9.992621631351418232e-01 -2.973337682677957769e-02 -2.431163567006528262e-02 3.574711746219481512e+01 2.889509920480097874e-02 9.989994778362106809e-01 -3.413380325898543455e-02 -7.527280678126357927e-01 2.530222457456998350e-02 3.340613095608561955e-02 9.991215280665926013e-01 -8.161858004068194283e-01
9.994326359092073897e-01 -2.300122483028860243e-02 -2.460386018250232051e-02 3.606649053973957564e+01 2.201307610299413353e-02 9.989688964050188469e-01 -3.970602593842056244e-02 -7.862135544388721975e-01 2.549177828354460759e-02 3.914189151849017251e-02 9.989084450380312230e-01 -8.440849922612029266e-01
9.995310749947686757e-01 -2.101725800061303440e-02 -2.226892422048490014e-02 3.639290273936288145e+01 2.006436555345597617e-02 9.989084323062652482e-01 -4.218252128994679634e-02 -7.874901364207975707e-01 2.313117711529875595e-02 4.171592901488822142e-02 9.988617171118759908e-01 -8.272683459864389466e-01
9.996679483551680345e-01 -1.486437740688332197e-02 -2.104859414960503702e-02 3.670583751978015385e+01 1.384388914371397460e-02 9.987597864186713581e-01 -4.782505375121533925e-02 -7.915923756445163439e-01 2.173337904573536747e-02 4.751777895941491220e-02 9.986339273818102269e-01 -8.365051029140392336e-01
9.997016847463949807e-01 -2.177594664843673315e-03 -2.432693151006172158e-02 3.733886056846097290e+01 8.696196702731572590e-04 9.985595163091653959e-01 -5.364826325273468199e-02 -8.039414443252056452e-01 2.440871313381071453e-02 5.361110397931843907e-02 9.982635244529722840e-01 -8.468558302720615716e-01
9.996793277763091901e-01 5.625870934668747610e-03 -2.468990062622805626e-02 3.766958729772807857e+01 -6.992613924535254731e-03 9.984273061780029046e-01 -5.562389440374314320e-02 -8.153978734310987075e-01 2.433813812124836079e-02 5.577870430874870555e-02 9.981464778169726326e-01 -8.621756199403812770e-01
9.993592186367741270e-01 2.501294303412191639e-02 -2.560282809511439314e-02 3.799397502935354254e+01 -2.637526866823011046e-02 9.981744502362538407e-01 -5.433334241725839425e-02 -8.237888761418719064e-01 2.419705205959779906e-02 5.497380809371079508e-02 9.981945617440023399e-01 -8.813001250477048298e-01
9.983292888345656202e-01 5.222834332164395799e-02 -2.471499967523437674e-02 3.829213126790723010e+01 -5.332778050098979650e-02 9.975104985887268683e-01 -4.614057901790667021e-02 -8.501345674126075114e-01 2.224362564665659237e-02 4.738148751512478302e-02 9.986291682896837330e-01 -8.611830332247414344e-01
9.970414365637809695e-01 7.248932859435380793e-02 -2.556699072577294646e-02 3.862285816228194335e+01 -7.327909090402973113e-02 9.968158390028524218e-01 -3.143816071780364957e-02 -9.093887054061553510e-01 2.320665014841453294e-02 3.321867476253837631e-02 9.991786482085722731e-01 -8.962415398317962190e-01
9.953357692720634642e-01 9.288352476425670856e-02 -2.606448224993782037e-02 3.926842321669216318e+01 -9.341370560613440621e-02 9.954281442406562874e-01 -1.991705948511610785e-02 -1.004706649269702545e+00 2.409535250873217488e-02 2.225894159592749916e-02 9.994618319408246077e-01 -8.610196590843961495e-01
9.954517994899187983e-01 9.151129420925199764e-02 -2.648391822276890961e-02 3.956686599785634684e+01 -9.200423327192341905e-02 9.955953304957934069e-01 -1.803216445736611356e-02 -1.029117851013332086e+00 2.471711860893353180e-02 2.038678314790542956e-02 9.994865897652415176e-01 -8.660308837163890328e-01
9.946633513012780314e-01 9.947463119032441681e-02 -2.737910385055085730e-02 3.988188580447926057e+01 -9.995618591555220644e-02 9.948497038871154663e-01 -1.681747819782072537e-02 -1.092220812019851550e+00 2.556518091713556526e-02 1.946444001936741344e-02 9.994836452385834624e-01 -8.784288594525632154e-01
9.939298111130158153e-01 1.064016706202143420e-01 -2.796810808889517441e-02 4.019656471220492477e+01 -1.067685690203499377e-01 9.942118967547068920e-01 -1.196566006348513851e-02 -1.148336746299376765e+00 2.653305957087273570e-02 1.487914112560015205e-02 9.995371968612138946e-01 -8.898925860508138941e-01
9.929074869272188630e-01 1.157019970015693844e-01 -2.734538889325931199e-02 4.053512029889362367e+01 -1.159401037988134486e-01 9.932295043857591876e-01 -7.283127675631526771e-03 -1.190438894258273761e+00 2.631757464119982570e-02 1.040189922408478115e-02 9.995995126837231570e-01 -8.765887050068190689e-01
9.940961441563921364e-01 1.047788344632349239e-01 -2.818247721403582123e-02 4.117533603988588453e+01 -1.047288520251942606e-01 9.944955098106388336e-01 3.247848512861983578e-03 -1.255392254428408627e+00 2.836765282639009539e-02 -2.771551975880039674e-04 9.995975187334740220e-01 -9.075478196657458252e-01
9.948903369275436948e-01 9.640652149632550350e-02 -2.998333038835450381e-02 4.149302819160278233e+01 -9.626133042020890151e-02 9.953364595450343577e-01 6.252084939251262470e-03 -1.307720691583929673e+00 3.044624367520658986e-02 -3.333903618099627077e-03 9.995308456134484043e-01 -8.972224938964125096e-01
9.961034295476270950e-01 8.323347384025855944e-02 -2.915727140763343939e-02 4.181901577227326783e+01 -8.297362515377007530e-02 9.965014346624508912e-01 1.001340324359569108e-02 -1.342010000523123248e+00 2.988871312547695946e-02 -7.555100804105286186e-03 9.995246796750657525e-01 -9.082031972324922098e-01
9.961582256423633375e-01 8.231208726998937020e-02 -2.989163385156302574e-02 4.213476358809857203e+01 -8.213101287140275875e-02 9.965952588245972077e-01 7.237873517237908456e-03 -1.312863629216900030e+00 3.038562505158857660e-02 -4.755037075745586171e-03 9.995269398133461713e-01 -9.043691896752545922e-01
9.967205040387344672e-01 7.497592755330842462e-02 -3.044416391185919557e-02 4.243714909239555766e+01 -7.464645943940340089e-02 9.971400107607621965e-01 1.181968837103857320e-02 -1.377466216266402199e+00 3.124328602968335505e-02 -9.508376704149189285e-03 9.994665816576957518e-01 -9.102863040598356825e-01
9.975941466362638899e-01 6.437423727736130141e-02 -2.572695419248751530e-02 4.277260601572256604e+01 -6.406351336981511158e-02 9.978646824154370210e-01 1.272563721997571271e-02 -1.399270452536824250e+00 2.649122216470738839e-02 -1.104686212898930292e-02 9.995880061231843250e-01 -9.034204968345045383e-01
9.980513451078260045e-01 5.673418079849226053e-02 -2.597585913080032935e-02 4.308794459350214368e+01 -5.648108421062487255e-02 9.983497482015367686e-01 1.037628991116097688e-02 -1.403849919096417542e+00 2.652168273039047855e-02 -8.888925416052916723e-03 9.996087171239036451e-01 -9.013024896396130137e-01
9.985003411668879059e-01 4.509786307616645007e-02 -3.103629223299450221e-02 4.341827973310725497e+01 -4.484463977805447366e-02 9.989551466410213632e-01 8.807569618911175249e-03 -1.417893736162483931e+00 3.140106642751207267e-02 -7.402549924098856052e-03 9.994794521558890699e-01 -9.242185072891306863e-01
9.987973580384095218e-01 3.691174976018540832e-02 -3.227011473692990157e-02 4.374361342880579429e+01 -3.689686787125222300e-02 9.993185200176774030e-01 1.056735998317319706e-03 -1.415051571034701139e+00 3.228712927444190445e-02 1.352010363752317065e-04 9.994786255863079560e-01 -9.100774905556825445e-01
9.990101943466056511e-01 3.122237305683527725e-02 -3.168272419248304578e-02 4.406073947781575839e+01 -3.140564620151329450e-02 9.994926506057729698e-01 -5.303467894842192609e-03 -1.434183325107623919e+00 3.150106312844880990e-02 6.293234919026530205e-03 9.994839059314719609e-01 -9.138473305432182059e-01
9.988682120206979764e-01 3.053479880802443050e-02 -3.646808298125184256e-02 4.437670334714928799e+01 -3.103693459891105136e-02 9.994299696363866392e-01 -1.328324069322828378e-02 -1.451884709971851262e+00 3.604169398456347206e-02 1.440006438752228744e-02 9.992465333641935565e-01 -9.575487004557489135e-01
9.989984992861715707e-01 2.796592522802035172e-02 -3.492714488929393041e-02 4.470723800128000391e+01 -2.852291117219716080e-02 9.994721523231480109e-01 -1.555185740665904204e-02 -1.478338140624734454e+00 3.447378659561358555e-02 1.653250606154070546e-02 9.992688498502718675e-01 -9.499587590305607065e-01
9.991947696451330962e-01 2.726669264620060554e-02 -2.943365057119215478e-02 4.502636934639704691e+01 -2.769721077292741293e-02 9.995137911665216146e-01 -1.431941979715342823e-02 -1.494409504044660331e+00 2.902889645180202483e-02 1.512311938935568222e-02 9.994641636550686270e-01 -9.205970539668520969e-01
9.986977921711309714e-01 3.736184125921115928e-02 -3.473921027067203987e-02 4.532066274107434367e+01 -3.785544107540743386e-02 9.991898428475771698e-01 -1.366102233438156247e-02 -1.494130463641337059e+00 3.420066510310603575e-02 1.495830097155499000e-02 9.993030389919513867e-01 -9.670867708633390514e-01
9.984141894953297847e-01 4.400526164967025200e-02 -3.510901823645710268e-02 4.564085859548568891e+01 -4.433272345198920050e-02 9.989797759245572228e-01 -8.603308959395422964e-03 -1.545288242563131575e+00 3.469460830897596465e-02 1.014614413782038808e-02 9.993464563970901882e-01 -9.377360935426636290e-01
9.980837124272321503e-01 4.902899290310194780e-02 -3.774997804478481128e-02 4.595466176063543173e+01 -4.899668534235547546e-02 9.987973531569522834e-01 1.781053656835299582e-03 -1.568603339512989026e+00 3.779190141996515567e-02 7.198315009487594573e-05 9.992856283393101169e-01 -9.338081763392385160e-01
9.978288374319046472e-01 5.393912068897491890e-02 -3.779130122916964790e-02 4.629712222621109419e+01 -5.372721355046678610e-02 9.985338295057396563e-01 6.601352642070337437e-03 -1.563927309031721835e+00 3.809196389523885479e-02 -4.556598720825462065e-03 9.992638488881208092e-01 -9.620960723645293200e-01
9.981697166822250944e-01 4.763552287932987239e-02 -3.725686055667109392e-02 4.661666545762788871e+01 -4.716898996936438881e-02 9.987983378262660361e-01 1.330288467807639458e-02 -1.604087463844805939e+00 3.784578026407165591e-02 -1.152116814828420266e-02 9.992171733916018761e-01 -9.616122652726526443e-01
9.985726582117447903e-01 4.016410863739561243e-02 -3.520640068643068887e-02 4.693065641429680568e+01 -3.972239484963686895e-02 9.991241206590482093e-01 1.315761622381643806e-02 -1.631005683593853117e+00 3.570402805482270070e-02 -1.174035325904543292e-02 9.992934436320560776e-01 -9.625568148525456280e-01
9.989415523627924731e-01 2.764948102762207136e-02 -3.675977641277913127e-02 4.725753805643942940e+01 -2.723689206720590270e-02 9.995607936941006688e-01 1.167781743901389127e-02 -1.634531729809386214e+00 3.706651687889923191e-02 -1.066423501816833944e-02 9.992558968642334394e-01 -9.626363164815723295e-01
9.992544915038449327e-01 1.265658072230129577e-02 -3.647289642751382760e-02 4.758889467450068622e+01 -1.256200859721955110e-02 9.999171156587614018e-01 2.820948894714853192e-03 -1.622240272404087413e+00 3.650557696291981818e-02 -2.360673014858696937e-03 9.993306610294319103e-01 -9.467582182226702558e-01
9.992374257540049820e-01 -8.795744857084612355e-04 -3.903579538364109619e-02 4.787484352292906209e+01 7.009491966998963614e-04 9.999892230447773311e-01 -4.589386072915754150e-03 -1.638576166946057455e+00 3.903941140351697286e-02 4.558524215874914728e-03 9.992272735540399520e-01 -9.432985250988592529e-01
9.990097349814096583e-01 -7.110078372678026171e-03 -4.392033922806085067e-02 4.820275699363948974e+01 6.695212391258351103e-03 9.999316412990741920e-01 -9.585763400769680212e-03 -1.557895969196793295e+00 4.398549241976841551e-02 9.282214955169431833e-03 9.989890474585376712e-01 -9.445903681966925092e-01
9.989513809187453575e-01 5.389738488473180995e-03 -4.546525354111149997e-02 4.851119031294237516e+01 -6.040453044729597078e-03 9.998811121505688515e-01 -1.418712414677126762e-02 -1.543301020274415958e+00 4.538338338583955411e-02 1.444687798686464589e-02 9.988651741996447120e-01 -9.495388536821007808e-01
9.988878209163358779e-01 1.256349391613715595e-02 -4.544535009913980295e-02 4.880298730108036409e+01 -1.292004272017534781e-02 9.998879497936671301e-01 -7.560446648574395759e-03 -1.607161788541326519e+00 4.534527231281168524e-02 8.139193942662903761e-03 9.989382162080098215e-01 -9.534066745673941412e-01
9.988760934992684248e-01 1.372286737926944368e-02 -4.536775007129723730e-02 4.942448747102920947e+01 -1.412501855169985727e-02 9.998636336729678220e-01 -8.555577666251354407e-03 -1.652210019048454326e+00 4.524415638018729896e-02 9.186782308300698446e-03 9.989337161915524677e-01 -9.647152923857669204e-01
9.990064032921345261e-01 1.432336607398196392e-03 -4.454385022824457890e-02 4.973542713360647127e+01 -2.003519077573746084e-03 9.999163134209312354e-01 -1.278092586629799368e-02 -1.649723358337147561e+00 4.452181591780567799e-02 1.285747123415464238e-02 9.989256695774936246e-01 -9.708130804999621777e-01
9.989793771039434667e-01 -7.620215918330557059e-03 -4.452119080140633928e-02 5.003554997756670986e+01 7.037113638521930864e-03 9.998875940941071017e-01 -1.323926766617919241e-02 -1.615525643091077379e+00 4.461707243483973434e-02 1.291245468748025531e-02 9.989207102474590982e-01 -9.450636198895668860e-01
9.989652348792382730e-01 -1.120734284745503878e-02 -4.407782854188567467e-02 5.035125149356791496e+01 1.063000793969203286e-02 9.998549030988596042e-01 -1.331073553085095583e-02 -1.616256919267615721e+00 4.422061096220129828e-02 1.282841437862731852e-02 9.989394222627615560e-01 -9.308187912482461801e-01
9.989090437176407766e-01 -1.437261520097931830e-02 -4.443141131443970743e-02 5.065840615757168308e+01 1.365346341893414542e-02 9.997715135555300670e-01 -1.644699424066062635e-02 -1.617001415063371361e+00 4.465764565867943320e-02 1.582240863993453553e-02 9.988770425177739831e-01 -9.468366496873559246e-01
9.990428275350478060e-01 -1.061712542289171279e-02 -4.243471925830684388e-02 5.124417517596865679e+01 9.810452979154449249e-03 9.997680489961895400e-01 -1.917298147645761855e-02 -1.616583571574014444e+00 4.262843843164479396e-02 1.873832580855007771e-02 9.989152573580865058e-01 -9.417401556324453971e-01
9.989890258022859904e-01 7.558456089399766958e-03 -4.431473872363680955e-02 5.155552844925089317e+01 -8.512400667821100331e-03 9.997352349184761566e-01 -2.137753721479056235e-02 -1.620363271091412427e+00 4.414142455188843628e-02 2.173314988776114259e-02 9.987888689980911616e-01 -9.485742454124240775e-01
9.988504408641243337e-01 1.429657140683470926e-02 -4.575374117548994951e-02 5.186552971929681632e+01 -1.510902457436637258e-02 9.997333836732320567e-01 -1.746078307755653120e-02 -1.655096872193698943e+00 4.549191314899430488e-02 1.813200527463985912e-02 9.988001382773056269e-01 -9.300303003299923432e-01
9.986790585672427056e-01 1.999298638530801198e-02 -4.733305900364654512e-02 5.216468889507269324e+01 -2.086070316386324369e-02 9.996219660994283274e-01 -1.790966094102734024e-02 -1.697880886190549887e+00 4.695709789536595818e-02 1.887340422155639463e-02 9.987185917816563396e-01 -9.343938743052340179e-01
9.982835785936137185e-01 2.835667603661124608e-02 -5.124251783902580154e-02 5.245376943333336328e+01 -2.930912269237978540e-02 9.994095340918919268e-01 -1.793205211989040010e-02 -1.690682449115527231e+00 5.070376748656087867e-02 1.940314640418185077e-02 9.985252354709351907e-01 -9.228824550848360175e-01
9.981084283430680104e-01 3.201299728614091095e-02 -5.248555301498006309e-02 5.274316042370362112e+01 -3.305094626570113242e-02 9.992725114976569456e-01 -1.902847119731021497e-02 -1.713833473984562650e+00 5.183821198182364531e-02 2.072717467294234867e-02 9.984403757904649623e-01 -9.224163891762976464e-01
9.978584535671588540e-01 3.422430605518388819e-02 -5.574229560754852958e-02 5.302071341959594974e+01 -3.548324377518918132e-02 9.991334811664893678e-01 -2.175376342895626869e-02 -1.757105108399414473e+00 5.494948640113680310e-02 2.368509419811541672e-02 9.982081798187578681e-01 -9.316516944960641089e-01
9.979158419166537231e-01 3.394124343561759349e-02 -5.488136701850936106e-02 5.333616705991220641e+01 -3.536753714117883696e-02 9.990558600414738422e-01 -2.522946359632504201e-02 -1.780589403347951460e+00 5.397323196125572431e-02 2.711790019221806472e-02 9.981740878828809782e-01 -9.150904818352245673e-01
9.978570018512300521e-01 3.733819751414904631e-02 -5.373325658164332386e-02 5.363560451881452451e+01 -3.902702907349912820e-02 9.987654778142612821e-01 -3.073127605789714722e-02 -1.774291209960357829e+00 5.251947122896968856e-02 3.276246835702131821e-02 9.980823241641866295e-01 -9.187487918518896235e-01
9.976930132669693529e-01 4.118769903428137064e-02 -5.396503244265149490e-02 5.393659759574536849e+01 -4.293523782671621741e-02 9.985769322433085682e-01 -3.163345925291949357e-02 -1.778372682532338489e+00 5.258532714587109413e-02 3.387748278435484539e-02 9.980416321622848086e-01 -9.129178656626849575e-01
9.975242609468943922e-01 4.730320002911894001e-02 -5.203610371037953319e-02 5.422841093118329781e+01 -4.880157083101951260e-02 9.984184495521961633e-01 -2.791068394385221030e-02 -1.802418056417951275e+00 5.063354132170885813e-02 3.038102797460589394e-02 9.982550964720535713e-01 -8.965652001805505256e-01
9.967592724029026297e-01 6.046304644394395050e-02 -5.305820288658106426e-02 5.451689656024018404e+01 -6.178295207519424875e-02 9.978106066349577974e-01 -2.359788379604799494e-02 -1.826320063301694274e+00 5.151523766528088438e-02 2.679950188893461330e-02 9.983125597661258732e-01 -9.028869292469072771e-01
9.958430238329347706e-01 7.313983960362233083e-02 -5.428844947162607404e-02 5.480474935765540323e+01 -7.394169936346534078e-02 9.971790117269321296e-01 -1.290905366562256594e-02 -1.848421866579874395e+00 5.319113627776539399e-02 1.686957124693486132e-02 9.984418463723486736e-01 -8.804784048842567712e-01
9.954234249294334758e-01 7.819327267361089739e-02 -5.493648341809781455e-02 5.507879046366798548e+01 -7.877520686796019023e-02 9.968561225302051687e-01 -8.505160607218920435e-03 -1.872155889467174372e+00 5.409872350311677180e-02 1.279386894707167620e-02 9.984536268814383497e-01 -8.908102628592858840e-01
9.957994124623951171e-01 7.017511182392351110e-02 -5.881312625637643426e-02 5.537277273705694824e+01 -7.098440942101945372e-02 9.974078210064893923e-01 -1.178355694329154268e-02 -1.902727743635596935e+00 5.783375967977292392e-02 1.590887411435962934e-02 9.981994610125352052e-01 -8.945820225828591266e-01
9.963986476975934536e-01 5.827583027298801482e-02 -6.159271444254466044e-02 5.564938561222883351e+01 -5.926681207623802489e-02 9.981385237291540147e-01 -1.438514630113410520e-02 -1.890865409814335818e+00 6.063975472185587079e-02 1.798374415351374628e-02 9.979976979399772796e-01 -8.670688706047242622e-01
9.968311898490085365e-01 4.939979756805026184e-02 -6.234772605673451207e-02 5.592937324489285089e+01 -5.083851340684613501e-02 9.984710382609794932e-01 -2.170325571483596588e-02 -1.897340478109259987e+00 6.118026233019831228e-02 2.480414792483889852e-02 9.978184853704259449e-01 -8.932562721444785581e-01
9.959589221576239382e-01 6.328867413579213064e-02 -6.372102557835629399e-02 5.647337086978866694e+01 -6.515630739881202171e-02 9.974913941073501045e-01 -2.766901313611958013e-02 -1.914408450835831221e+00 6.181003948207391269e-02 3.170902723056574085e-02 9.975841100435168807e-01 -8.666198443280137553e-01
9.934349595797152821e-01 9.450681117063781944e-02 -6.446273130427303266e-02 5.702305454511300553e+01 -9.586904299394670426e-02 9.952244344627743100e-01 -1.836985693128241615e-02 -1.985251932920341744e+00 6.241880870598457559e-02 2.442923843693028257e-02 9.977510233666099237e-01 -8.747379552710438100e-01
9.922159044012657247e-01 1.072744708506724459e-01 -6.324386892724563614e-02 5.728655044111474837e+01 -1.086702920095992536e-01 9.938952975961503622e-01 -1.905006695022852178e-02 -2.036231253063727209e+00 6.081419807682108408e-02 2.577450911206625658e-02 9.978162696570471724e-01 -8.478777271090846002e-01
9.921903454608317352e-01 1.079273887278328764e-01 -6.252996990809076006e-02 5.755336184025392754e+01 -1.090520694800271723e-01 9.939250854515392364e-01 -1.485162120018602289e-02 -2.072312197747826268e+00 6.054720898967028836e-02 2.155465779226710399e-02 9.979325789906948740e-01 -8.430323207993341006e-01
9.911024475476880591e-01 1.159081429057860352e-01 -6.543119189739880770e-02 5.807326585930974971e+01 -1.172034163166990745e-01 9.929740824601847038e-01 -1.630431740517676586e-02 -2.145597503324750299e+00 6.308167458681533668e-02 2.382800810991372170e-02 9.977238738051911193e-01 -8.440980815725498410e-01
9.902866801463537927e-01 1.214037679680299159e-01 -6.777474638741161350e-02 5.833360707385285338e+01 -1.226167004250815068e-01 9.923551042186187221e-01 -1.401755713811287177e-02 -2.181307815275652207e+00 6.555483126039625408e-02 2.219171589623474342e-02 9.976021711303568740e-01 -8.106803301729480493e-01
9.900013138139083235e-01 1.280770124123447318e-01 -5.910733912352567759e-02 5.859962655307879942e+01 -1.290199054426253433e-01 9.915644012515797412e-01 -1.240573134370248111e-02 -2.239088662592287005e+00 5.701984432030122313e-02 1.990771363377031103e-02 9.981745440009800463e-01 -8.257319030019165673e-01
9.871484804494174981e-01 1.505959954024543856e-01 -5.346703391015791840e-02 5.910498989713592266e+01 -1.505714682518999314e-01 9.885888401502305189e-01 4.509775924475325007e-03 -2.311197331348323392e+00 5.353606723390444411e-02 3.598791347913415581e-03 9.985594314841561570e-01 -8.230750446412717913e-01
9.858129933222803398e-01 1.634434972291535504e-01 -3.819640572710263082e-02 5.933460892858977331e+01 -1.630518546804227975e-01 9.865295418713101450e-01 1.317405406308947736e-02 -2.377935457879209125e+00 3.983509611184653243e-02 -6.759158874193779351e-03 9.991834060316820976e-01 -8.380361248124490459e-01
9.842069745224691912e-01 1.733506608543234628e-01 -3.586334734373031186e-02 5.955866320265825209e+01 -1.725770317951917099e-01 9.847115819255995994e-01 2.366999193798835846e-02 -2.415107749429047601e+00 3.941826224085871744e-02 -1.710698111743780628e-02 9.990763493342030843e-01 -8.328835154625188197e-01
9.848560088632456466e-01 1.706688017094329102e-01 -3.050904667512319493e-02 5.980856375491273980e+01 -1.698264093461628599e-01 9.850656655883943680e-01 2.836591559395105350e-02 -2.491809106458171996e+00 3.489459119330816372e-02 -2.275510057019967947e-02 9.991319096613279216e-01 -8.354071583392495004e-01
9.876069854202008669e-01 1.539967789931843967e-01 -3.028917973381759984e-02 6.007369308626226712e+01 -1.529111911791215805e-01 9.876059963334166136e-01 3.539157552951821550e-02 -2.541164534562435406e+00 3.536396416417866839e-02 -3.032141266504227717e-02 9.989144117353553343e-01 -8.404143818386764497e-01
9.897080022286466328e-01 1.409911758930815773e-01 -2.448588664654052088e-02 6.030695120687072119e+01 -1.401748075465591437e-01 9.895977468335096505e-01 3.236236689931929617e-02 -2.559247545133173318e+00 2.879398641845559020e-02 -2.859698904303010700e-02 9.991762199751386131e-01 -8.378287673756787957e-01
9.937266197995749950e-01 1.088753786073475560e-01 -2.556476158342909505e-02 6.082785888048736922e+01 -1.080827146412238204e-01 9.936715589979152607e-01 3.057710964817412364e-02 -2.595164101557963843e+00 2.873207088767933820e-02 -2.762217898282835760e-02 9.992054259914454617e-01 -8.321438343449704123e-01
9.951916758872448865e-01 9.284609165053117619e-02 -3.119505585759034180e-02 6.109998034244023302e+01 -9.203399969146935922e-02 9.954022667215439713e-01 2.653432317589492911e-02 -2.608388841160999672e+00 3.351523751262455719e-02 -2.353573178877979566e-02 9.991610471708947117e-01 -8.340367050456564124e-01
9.963929832151482424e-01 7.562365670473651658e-02 -3.849786417739912980e-02 6.131985157721119606e+01 -7.480653700526275485e-02 9.969499723018874215e-01 2.224263357937307506e-02 -2.642791842383369616e+00 4.006251391135563777e-02 -1.928251212550278343e-02 9.990111008918931557e-01 -8.111934244304496167e-01
9.970458896423782802e-01 6.328577861645191815e-02 -4.352475355642970029e-02 6.156304147795766823e+01 -6.250559956427149955e-02 9.978626081074355447e-01 1.905952161354911717e-02 -2.654729277091108397e+00 4.463792076642287415e-02 -1.628267686640742090e-02 9.988705273776550264e-01 -8.292878529985137082e-01
9.971914391620954055e-01 5.063470475149974004e-02 -5.518478355993908929e-02 6.182414060843257886e+01 -4.994639807441915436e-02 9.986568010583578570e-01 1.378227192008679020e-02 -2.658108030949217326e+00 5.580852068654510584e-02 -1.098728240357930291e-02 9.983810337962973902e-01 -8.380028552433314015e-01
9.982076664518255704e-01 3.443896411603433738e-02 -4.894295033419456681e-02 6.204917828209020314e+01 -3.433060123027396882e-02 9.994058673449489616e-01 3.053217263498806972e-03 -2.697057257739206904e+00 4.901902136894257384e-02 -1.367503968811235610e-03 9.987969090245155668e-01 -8.194278760401494388e-01
9.985784888848833196e-01 2.214057722442313789e-02 -4.848501187534372259e-02 6.233271896000216117e+01 -2.256788790639669903e-02 9.997109947012017273e-01 -8.283568613715588599e-03 -2.724478700860526459e+00 4.828759645941367584e-02 9.365997742001431689e-03 9.987895604753133094e-01 -8.258939447219324492e-01
9.990555361412229995e-01 1.123522351169542639e-02 -4.197386637201314108e-02 6.255933295948860717e+01 -1.201526152894201969e-02 9.997589109231105331e-01 -1.837807172222241658e-02 -2.727003696485397199e+00 4.175726518780288610e-02 1.886504127952737253e-02 9.989496689130825668e-01 -8.408557353101120402e-01
9.994025537525127456e-01 6.129424133149787707e-03 -3.401419869336826107e-02 6.278917345009960371e+01 -6.800366343602854899e-03 9.997838940164035515e-01 -1.964485385513421029e-02 -2.752470797766149335e+00 3.388643638019152304e-02 1.986442612291502291e-02 9.992282592102059713e-01 -8.560562056665266262e-01
9.995937904644676131e-01 1.216619576604429515e-02 -2.577281019718787730e-02 6.304555964723380868e+01 -1.276897424659485109e-02 9.996457057802923263e-01 -2.335414763400690125e-02 -2.786378506282867207e+00 2.547954790744496462e-02 2.367375330621400431e-02 9.993949900028660238e-01 -8.430183347479757172e-01
9.996263700740035674e-01 1.945625840922143857e-02 -1.919828798056787827e-02 6.328353383303299040e+01 -1.989633606113722780e-02 9.995373597528534049e-01 -2.300439674577667640e-02 -2.802095022206714248e+00 1.874182659223767172e-02 2.337777720418282926e-02 9.995510109389005304e-01 -8.677686176707186672e-01
9.995355230768344645e-01 2.453193133705240669e-02 -1.808099699665315779e-02 6.349149311549044228e+01 -2.483755444850002658e-02 9.995490327255233121e-01 -1.687682039035959605e-02 -2.809529888819850996e+00 1.765882205971368996e-02 1.731806924413940504e-02 9.996940784465608854e-01 -8.701781452889185697e-01
9.994653388012452178e-01 3.124124350938255190e-02 -9.644751883772608933e-03 6.376045002506582193e+01 -3.136989148030519536e-02 9.994168227785941161e-01 -1.348867138209428745e-02 -2.823345149413754918e+00 9.217724416901834292e-03 1.378401433283194324e-02 9.998625078006707634e-01 -8.672665076940504481e-01
9.993767444009270529e-01 3.519646537906596928e-02 -2.707688206611079569e-03 6.402771588324266361e+01 -3.522956677015767757e-02 9.992901736956950609e-01 -1.334265267533753241e-02 -2.852076421768604320e+00 2.236152005345751551e-03 1.342972747481871801e-02 9.999073167269859619e-01 -9.202257838692868841e-01
9.991290731183888330e-01 4.004813012520957310e-02 1.171505540163975470e-02 6.426008825089793675e+01 -3.996988461488349548e-02 9.991774818142123982e-01 -6.838724974880490588e-03 -2.856869758098702139e+00 -1.197929770320893192e-02 6.364519532803412406e-03 9.999079904259463580e-01 -9.162491969404731318e-01
9.988071369928196441e-01 4.512655542313145918e-02 1.865199956706589321e-02 6.451262956666867865e+01 -4.509533005548786722e-02 9.989804986500082640e-01 -2.091536317526876063e-03 -2.864325543203786406e+00 -1.872736765787958932e-02 1.247923324553870932e-03 9.998238486793474822e-01 -9.315338029147128829e-01
9.984576650348059301e-01 4.678044942840316883e-02 2.989783745557336378e-02 6.475450891836575806e+01 -4.693822048667672248e-02 9.988872175032810219e-01 4.596756040625201573e-03 -2.865338994863852573e+00 -2.964952935186987784e-02 -5.993017589621802560e-03 9.995423898711764954e-01 -9.389415931102296220e-01
9.981922358179806665e-01 4.845093790908346770e-02 3.556356236980610930e-02 6.503360933739632799e+01 -4.887961970550041418e-02 9.987409271324066973e-01 1.128464656718728386e-02 -2.882199165136740682e+00 -3.497203354319858293e-02 -1.300257999132534321e-02 9.993037024765907272e-01 -9.467096724488284210e-01
9.986166449493039110e-01 4.279197688359529655e-02 3.055557468923946612e-02 6.529190089342831982e+01 -4.334582808885967947e-02 9.989033328596000905e-01 1.769945731580392298e-02 -2.874555464282333883e+00 -2.976467062621167975e-02 -1.899942936976761407e-02 9.993763485625104526e-01 -9.671850061676788846e-01
9.988639228199240883e-01 3.052245094073310558e-02 3.659567839736267009e-02 6.554115264104027005e+01 -3.108796122741617693e-02 9.994043220153836504e-01 1.498465227137217581e-02 -2.888313818761115481e+00 -3.611651084359236014e-02 -1.610531358098350047e-02 9.992178023428840428e-01 -1.004279513116093092e+00
9.989023647243915338e-01 2.488006734498154210e-02 3.968687436581219002e-02 6.577699275674810053e+01 -2.543531350121912282e-02 9.995846677531560198e-01 1.354757616356063940e-02 -2.880675932475757151e+00 -3.933332651980096101e-02 -1.454215395744245382e-02 9.991203206737238052e-01 -1.015106117795922192e+00
9.990921451432398515e-01 1.694640959523539825e-02 3.908586336400768357e-02 6.604693794564538223e+01 -1.743364762533801404e-02 9.997740896219707851e-01 1.215885072837945453e-02 -2.869769089192472755e+00 -3.887098459718907328e-02 -1.282922142571329104e-02 9.991618775924425710e-01 -1.031094691060676194e+00
9.985611662957610823e-01 7.002513880416423933e-03 5.316542076767521996e-02 6.630182957205371963e+01 -6.777778344026338594e-03 9.999673229167187483e-01 -4.406225083889725620e-03 -2.875662178972213656e+00 -5.319453812910329704e-02 4.039541821200364445e-03 9.985759977163011225e-01 -1.105613313073456894e+00
9.986153993467852263e-01 -3.528638393660617212e-02 3.901480867746286857e-02 6.718302367803777031e+01 3.543471898747635462e-02 9.993671326749939965e-01 -3.116860478031402600e-03 -2.828865335934020120e+00 -3.888013474435488698e-02 4.495023652813591279e-03 9.992337713891686901e-01 -1.095159318959688211e+00
9.968376109149834630e-01 -6.761384752572505152e-02 4.175098906703839097e-02 6.777239393358951247e+01 6.861409580912788964e-02 9.973779627182020047e-01 -2.300663687688237619e-02 -2.791237622142284103e+00 -4.008594917927942036e-02 2.579858730351160950e-02 9.988631285474197652e-01 -1.131154132356920305e+00
9.960243373448741666e-01 -7.757079615870268730e-02 4.379829905383763461e-02 6.804953766511310675e+01 7.907980373732514945e-02 9.962937718672906229e-01 -3.383939685209040593e-02 -2.788614153748262048e+00 -4.101102361037253091e-02 3.716842371895971719e-02 9.984671272609215720e-01 -1.186188204842101523e+00
9.962601654029528131e-01 -7.438620570264146969e-02 4.395879016130269795e-02 6.833703993306684765e+01 7.601412654577911765e-02 9.964348343683571141e-01 -3.659881723207813325e-02 -2.756910094844145398e+00 -4.107962264631227073e-02 3.980343274730321207e-02 9.983627353546242755e-01 -1.213261956893169069e+00
9.963094302808113145e-01 -7.220441062394213072e-02 4.641166038803489630e-02 6.863665119967120631e+01 7.411080399882329084e-02 9.964168039785794573e-01 -4.075710342702523054e-02 -2.735348608503142653e+00 -4.330251567949756214e-02 4.404629196155322030e-02 9.980905852177268667e-01 -1.259808305849162258e+00
9.961147258711345875e-01 -6.903925337802423179e-02 5.467206229583189414e-02 6.895033087126452642e+01 7.091551111180362243e-02 9.969311911234397527e-01 -3.315404121598659881e-02 -2.739057183539598039e+00 -5.221535393374263090e-02 3.690232591862807610e-02 9.979537940983888022e-01 -1.276050405447917147e+00
9.965034078959255082e-01 -5.747798328728682959e-02 6.064024644601186120e-02 6.925801862311989510e+01 5.983938443831669785e-02 9.974893877432232658e-01 -3.787042922509555737e-02 -2.735425882993952840e+00 -5.831128640194811752e-02 4.136668680080634458e-02 9.974410213648092771e-01 -1.327311410494552479e+00
9.965884684963870477e-01 -5.164045171004037066e-02 6.437925292521477771e-02 6.958666072016322346e+01 5.423156924358973202e-02 9.977597809943070661e-01 -3.917086069478449561e-02 -2.720363559515195817e+00 -6.221222835908966214e-02 4.252861598236495899e-02 9.971564348010902856e-01 -1.342534117637877333e+00
9.968264995096478565e-01 -4.045810832704947041e-02 6.855706634577270198e-02 7.023700022344648630e+01 4.422652434053057219e-02 9.975408494609658838e-01 -5.437157530779419823e-02 -2.668027325314746623e+00 -6.618870311539883089e-02 5.723106785035038391e-02 9.961644745987532357e-01 -1.380041421781241118e+00
9.972249663819611198e-01 -3.401770456559338740e-02 6.622055723553368911e-02 7.057238537820940394e+01 3.778467546936908894e-02 9.976879532734762579e-01 -5.648952285739686219e-02 -2.682086890270328539e+00 -6.414580831333444033e-02 5.883488479694602702e-02 9.962046835900537634e-01 -1.430767836957076877e+00
9.977391567588755894e-01 -1.683930638755051432e-02 6.506160796102411492e-02 7.090996531923488533e+01 2.061293520522703912e-02 9.981169824018407688e-01 -5.777193387163619825e-02 -2.681864876175033441e+00 -6.396625651320317352e-02 5.898243129466430174e-02 9.962075038997936227e-01 -1.461876029739212379e+00
9.979842031223304932e-01 -4.960540403504519122e-03 6.326866015012616584e-02 7.125488217880450748e+01 8.499936876765623248e-03 9.984059806209550914e-01 -5.579649570896145355e-02 -2.714461752729357968e+00 -6.289102790842238111e-02 5.622180092468003626e-02 9.964355612428772435e-01 -1.515985052182958981e+00
9.978989267966628107e-01 1.004456367226683189e-02 6.400655152952955396e-02 7.162448312289717478e+01 -6.552321341024992807e-03 9.984901508542860515e-01 -5.453884608266971329e-02 -2.763076912328751078e+00 -6.445773020447193025e-02 5.400486448107213316e-02 9.964580651634410424e-01 -1.538457426121417448e+00
9.975986517528956377e-01 2.643724320338570327e-02 6.401564021869828036e-02 7.198370115552911841e+01 -2.309079865175319574e-02 9.983558929331106668e-01 -5.246261586459018827e-02 -2.807765003290656924e+00 -6.529735858692124750e-02 5.085846259509221173e-02 9.965689498193461837e-01 -1.582464122956491748e+00
9.971450244614465941e-01 4.009508918912101788e-02 6.398581104196113256e-02 7.233432221722394218e+01 -3.729936032820335007e-02 9.983214855841631152e-01 -4.430540757217364678e-02 -2.826502077002382762e+00 -6.565483920388484607e-02 4.179228689538301567e-02 9.969668233422644965e-01 -1.599342313458396170e+00
9.968875375934460603e-01 5.170781340945274085e-02 5.951083450338152253e-02 7.271129100197090622e+01 -4.954133307372360351e-02 9.980744783993861224e-01 -3.732280650047090781e-02 -2.868992857882126657e+00 -6.132612582051816946e-02 3.425839459470383236e-02 9.975296831130587849e-01 -1.638892229885076546e+00
9.967374850754003868e-01 5.576093388468001538e-02 5.835326981304825300e-02 7.307012663842158418e+01 -5.445435475662704222e-02 9.982338261957982573e-01 -2.374766275944147770e-02 -2.893892801947512083e+00 -5.957439964955982270e-02 2.049259599965553430e-02 9.980134991149114398e-01 -1.618577379260007332e+00
9.965811614442620092e-01 6.280558213364878517e-02 5.367911611846055281e-02 7.343690669831363493e+01 -6.177156448423271051e-02 9.978753995796819654e-01 -2.071136728611681910e-02 -2.888074003172599546e+00 -5.486585892498133804e-02 1.732471548232888958e-02 9.983434237565149694e-01 -1.720019067776404009e+00
9.959953864235849830e-01 6.975754276112051955e-02 5.592025975318824088e-02 7.382231817916010641e+01 -6.930941434872643636e-02 9.975459294477929673e-01 -9.915832026377070091e-03 -2.885286119195976884e+00 -5.647473156704826275e-02 6.000322497100654684e-03 9.983859979108083982e-01 -1.735310607679790396e+00
9.957823759024077015e-01 6.669384157046158446e-02 6.300310578638375347e-02 7.419325374732723333e+01 -6.655983812666792232e-02 9.977734869642400639e-01 -4.225714113994300317e-03 -2.916470694519259776e+00 -6.314465765769781969e-02 1.441511769854257954e-05 9.980043847606565599e-01 -1.785456469152390646e+00
9.959079376475453715e-01 6.128952288192342918e-02 6.641516480081224860e-02 7.456309865266885595e+01 -6.148345342242238915e-02 9.981077166536905798e-01 8.780157224297147935e-04 -2.909889090129081257e+00 -6.623567532580673656e-02 -4.957856518920342528e-03 9.977916891680708167e-01 -1.798291052158394576e+00
9.966857770021708696e-01 4.694877798541217256e-02 6.643247825616195590e-02 7.496726821640457672e+01 -4.720728765118111653e-02 9.988824062838498330e-01 2.326028633642818720e-03 -2.884980860319147133e+00 -6.624902953400597927e-02 -5.454416766471062959e-03 9.977882117080457691e-01 -1.846795849031277026e+00
9.973697627245899922e-01 3.006856521527343298e-02 6.595026753994162605e-02 7.533178165695595396e+01 -3.011190863979172974e-02 9.995464768733071104e-01 -3.369395020993202041e-04 -2.895209474748879241e+00 -6.593048885579316787e-02 -1.649835159671203446e-03 9.978228543600221601e-01 -1.891247105541207674e+00
9.975675164482527002e-01 1.996875347541348864e-02 6.678547006575070999e-02 7.574893353615280489e+01 -1.960982480854634238e-02 9.997895509246255141e-01 -6.025664520517847594e-03 -2.897223942569512989e+00 -6.689174013466268887e-02 4.701355822937552248e-03 9.977491630440904480e-01 -1.918361266236343177e+00
9.977142668890602861e-01 8.275488821679539628e-03 6.706532584568009048e-02 7.615382691619653599e+01 -7.350959912617576787e-03 9.998746856281414130e-01 -1.402057161418354680e-02 -2.957828353399046595e+00 -6.717294868016498999e-02 1.349552980759247470e-02 9.976500717389962247e-01 -1.984082864009833136e+00
9.978613859604937852e-01 6.016148028251955271e-03 6.508809700632402218e-02 7.657328886542636326e+01 -4.941518030699419348e-03 9.998490214687697497e-01 -1.665880150238748317e-02 -2.983334250286422407e+00 -6.517849191684906007e-02 1.630154075067246841e-02 9.977404592180270093e-01 -2.004503591383758110e+00
9.979932086685279202e-01 6.389714359193471305e-03 6.299783331118537222e-02 7.697622507426603988e+01 -4.905648981284206969e-03 9.997074585664599278e-01 -2.368400081621037379e-02 -2.969353086651912221e+00 -6.313073783481708279e-02 2.332742671187169881e-02 9.977326000003376993e-01 -2.085504668519120308e+00
9.979647640187682134e-01 9.751297613881815957e-03 6.301779091502392183e-02 7.779283148132466863e+01 -7.524702198222986936e-03 9.993422690319130330e-01 -3.547404943019138307e-02 -2.990578677520437711e+00 -6.332226017596202794e-02 3.492766125856563292e-02 9.973817472990041955e-01 -2.151516166432331456e+00
9.976130245011134434e-01 2.797075712025584582e-02 6.313390603994323280e-02 7.864858083117940168e+01 -2.585896440227571785e-02 9.990864786532148711e-01 -3.402237693579222844e-02 -3.084345157200636844e+00 -6.402786351099465367e-02 3.230858892676910510e-02 9.974249785200781648e-01 -2.222622285395430275e+00
9.970620672407515261e-01 4.541772360051345159e-02 6.168034089194471270e-02 7.905911332448368967e+01 -4.375138286647160812e-02 9.986470898036370336e-01 -2.810349665073468006e-02 -3.068560056482358522e+00 -6.287328977292788723e-02 2.532233025757709560e-02 9.977002200177443880e-01 -2.306570068562012743e+00
9.958509976799558849e-01 6.234768960039081820e-02 6.628390469284224651e-02 7.988346965596977611e+01 -6.132207571533845880e-02 9.979663779235946608e-01 -1.739860810592123649e-02 -3.075669440836809265e+00 -6.723387129861534139e-02 1.326175461824148118e-02 9.976491028486151880e-01 -2.371996359101741003e+00
9.963002040829198602e-01 5.244406446001844552e-02 6.808467850585517289e-02 8.032360504884782415e+01 -5.181796516264377400e-02 9.985967231910644060e-01 -1.093082423570153165e-02 -3.061117370907397550e+00 -6.856239370628233742e-02 7.362372917897758509e-03 9.976196638169690933e-01 -2.389161921560817525e+00
9.968883732827908961e-01 4.165928774592893291e-02 6.691842017032977041e-02 8.077319169355700978e+01 -4.099946083658856377e-02 9.990963485905044461e-01 -1.120403696130450530e-02 -3.104468764591362451e+00 -6.732470144530865175e-02 8.425555033535297306e-03 9.976955420355835269e-01 -2.416750311950293550e+00
9.977152312971437897e-01 3.631611378204709778e-02 5.696891360607453381e-02 8.123192393651439147e+01 -3.554428799602162709e-02 9.992628499653423146e-01 -1.450380191527673827e-02 -3.117655409996007876e+00 -5.745364069006286822e-02 1.244574461055350002e-02 9.982705958869799723e-01 -2.480530663481153475e+00
9.978172090961583418e-01 3.239833887031463855e-02 5.754272212884713189e-02 8.169882998367869220e+01 -3.143536188368341311e-02 9.993514814304469418e-01 -1.756230582847612826e-02 -3.149012017362001092e+00 -5.807439414057900817e-02 1.571509469317070029e-02 9.981885596138584393e-01 -2.507373157244654927e+00
9.976826754910379513e-01 3.162805250493518072e-02 6.024072808150141706e-02 8.215012986144566298e+01 -3.012119545823571318e-02 9.992142571750017854e-01 -2.576008234412727887e-02 -3.173034789569438630e+00 -6.100813559855022133e-02 2.388586512886901880e-02 9.978514282386102829e-01 -2.627019321346836911e+00
9.975280616063398886e-01 2.826041878490069548e-02 6.433595447337538131e-02 8.260642899944825501e+01 -2.634839065301109590e-02 9.991911876082538724e-01 -3.037651915548306505e-02 -3.196545126476517673e+00 -6.514237190872400329e-02 2.860628141001804112e-02 9.974658651031604872e-01 -2.629399602191911711e+00
9.977449233897868197e-01 2.492306644808270008e-02 6.232101257788536658e-02 8.308299806780968311e+01 -2.284415844036101137e-02 9.991657773280425703e-01 -3.385105377385131536e-02 -3.230346226359566142e+00 -6.311269503879686493e-02 3.235104596876189204e-02 9.974819284326241764e-01 -2.647818884046187815e+00
9.978274198592463895e-01 2.942489772724279223e-02 5.894586983649158923e-02 8.356840603116022237e+01 -2.728549300407524802e-02 9.989509491688767229e-01 -3.677639223911085414e-02 -3.266164596120061603e+00 -5.996617420316113084e-02 3.508812546064087740e-02 9.975835210162076194e-01 -2.725355987686570725e+00
9.971725472585610817e-01 4.526373482367190143e-02 5.998420878602114814e-02 8.405930588560042338e+01 -4.300188469761146576e-02 9.983337881423375304e-01 -3.847707584814078624e-02 -3.346570861101659133e+00 -6.162587854404993903e-02 3.578884970465747578e-02 9.974574724420542937e-01 -2.757192081818915952e+00
9.965089467041093885e-01 6.120941173198326396e-02 5.677435207988654198e-02 8.451451670189578635e+01 -5.951611019457118262e-02 9.977442345515827871e-01 -3.105277840039055021e-02 -3.364279209519527747e+00 -5.854700475664000037e-02 2.756538290139740055e-02 9.979040023466813070e-01 -2.788542785040743155e+00
9.960167413820641968e-01 7.030182789727450199e-02 5.484800708281304532e-02 8.498079169391843379e+01 -6.927013703654731624e-02 9.973874505541450164e-01 -2.049198848430341946e-02 -3.397029422284060018e+00 -5.614533819999902725e-02 1.661103462776669648e-02 9.982844156486682108e-01 -2.817819344410442017e+00
9.957864322077804031e-01 7.270192431106202446e-02 5.589106934357353229e-02 8.545072702343306048e+01 -7.185575498194320121e-02 9.972700522542545798e-01 -1.700568589534963426e-02 -3.416105940580760780e+00 -5.697483573363314180e-02 1.291793630054576848e-02 9.982920389419424056e-01 -2.903184943261947648e+00
9.961537510987076294e-01 6.655517871033102273e-02 5.699221314188383791e-02 8.594658690330760464e+01 -6.596958062262135714e-02 9.977482957558492238e-01 -1.209763401553526352e-02 -3.460660588631885304e+00 -5.766904372754484698e-02 8.291351104269647360e-03 9.983013246973161392e-01 -2.947008303846680999e+00
9.963047768816567507e-01 6.175903446573334510e-02 5.968763041579427248e-02 8.643550480209167119e+01 -6.130999752367104205e-02 9.980751915958435694e-01 -9.327171305795097997e-03 -3.493575136667110836e+00 -6.014878025728816885e-02 5.633256853771036188e-03 9.981735273241721940e-01 -2.973676426815547114e+00
9.967323308594341347e-01 5.686990214190409954e-02 5.736266076368646410e-02 8.693283535502298776e+01 -5.655045688943380333e-02 9.983739377482832023e-01 -7.178178779002584130e-03 -3.520312222557330006e+00 -5.767760783107956507e-02 3.910838191140905869e-03 9.983276009905400761e-01 -3.030042866708896554e+00
9.969725807357642244e-01 5.043479425498716140e-02 5.917773896937236072e-02 8.743118516265701601e+01 -5.006249060888411095e-02 9.987159555382552067e-01 -7.758040174249818469e-03 -3.578949674034362705e+00 -5.949302728140037216e-02 4.771968332564381979e-03 9.982173150287103613e-01 -3.078112244478508952e+00
9.971033098588079069e-01 4.816654466016890429e-02 5.886402504170215599e-02 8.793630856701639686e+01 -4.776852237333793078e-02 9.988251739459228506e-01 -8.151083496372840340e-03 -3.586587031378411172e+00 -5.918747957869212317e-02 5.315624835979589936e-03 9.982327315780248345e-01 -3.129486611125186446e+00
9.972794342631047249e-01 4.534393631876146302e-02 5.811761725141335877e-02 8.844322443198240080e+01 -4.495793483540064250e-02 9.989573837641413379e-01 -7.932812769619925972e-03 -3.608023379250423712e+00 -5.841672783713192096e-02 5.298382981823894673e-03 9.982782242674536066e-01 -3.177749525870060765e+00
9.974661417786326867e-01 3.978445143103478271e-02 5.897875405245742164e-02 8.894177230089501052e+01 -3.933143428587618923e-02 9.991872701188579953e-01 -8.822556853886243458e-03 -3.646891176608186846e+00 -5.928182084133744312e-02 6.480482756391459966e-03 9.982202507768411781e-01 -3.216807614632682721e+00
9.976309451981134613e-01 3.713998447633797689e-02 5.790612002384621509e-02 8.997208565961541638e+01 -3.632294965053326635e-02 9.992260280567781816e-01 -1.509927755091427203e-02 -3.713440335824348182e+00 -5.842208924545180121e-02 1.296018545284336083e-02 9.982078406229959455e-01 -3.318595374024848610e+00
9.975926782809830806e-01 3.988301997579678237e-02 5.672911913457842625e-02 9.050347267735917001e+01 -3.898980007264156444e-02 9.990989355188463206e-01 -1.676641092791305090e-02 -3.740572647319782451e+00 -5.734669764223949973e-02 1.451419176938204512e-02 9.982488139270745409e-01 -3.373085575677787773e+00
9.975950462026879073e-01 4.315111647279278734e-02 5.424117383509090978e-02 9.101644513660666291e+01 -4.244316225796786884e-02 9.989988552279142064e-01 -1.413737001216334131e-02 -3.771190773257780737e+00 -5.479691386748793830e-02 1.180120334832317729e-02 9.984277789755905408e-01 -3.427215203058015192e+00
9.967961474906174013e-01 5.500100985309718665e-02 5.807175959967810636e-02 9.207671757399263868e+01 -5.459368584373063688e-02 9.984717997861676242e-01 -8.578723551157841493e-03 -3.855601111334449271e+00 -5.845485278280448255e-02 5.380887186203690484e-03 9.982755512578829205e-01 -3.509559298498558189e+00
9.968575790036643403e-01 5.753212793067004338e-02 5.445201041947115433e-02 9.314206342115201664e+01 -5.824606671963294957e-02 9.982346839921438786e-01 1.161513610753742154e-02 -3.965056342954645707e+00 -5.368764191734672758e-02 -1.475025189186846344e-02 9.984488305238687911e-01 -3.605752414624378233e+00
9.971581730065576243e-01 5.235637979132458375e-02 5.416998709036765364e-02 9.365842212075226314e+01 -5.330595634702571528e-02 9.984462459840601767e-01 1.623480515025102836e-02 -4.003924772898243667e+00 -5.323582463109789026e-02 -1.907625160989985177e-02 9.983997413863661130e-01 -3.670586565678598756e+00
9.977269903791998740e-01 4.099812393606115657e-02 5.347902862419424280e-02 9.419967245748368612e+01 -4.209243337390869422e-02 9.989234349096465237e-01 1.949867280037976755e-02 -4.030483855008851535e+00 -5.262204596485275249e-02 -2.170541457877692496e-02 9.983785831318880977e-01 -3.706850527944855145e+00
9.981762245917079612e-01 2.738579580649402878e-02 5.379816770011124072e-02 9.472791280441087736e+01 -2.848967288245874557e-02 9.993967751321981563e-01 1.986012070489557441e-02 -4.035304766836713242e+00 -5.322183009719576308e-02 -2.135659250460009845e-02 9.983543122347384724e-01 -3.746302416750037612e+00
9.986499322552178093e-01 1.454377994238077385e-02 4.986773778342485502e-02 9.526435157784159458e+01 -1.527321427512690413e-02 9.997814150993037385e-01 1.427763803084009138e-02 -4.024444360479383143e+00 -4.964918662329601690e-02 -1.502000289684506974e-02 9.986537727263757880e-01 -3.804110637900200764e+00
9.986291735258640001e-01 4.610633389101930629e-03 5.213938859251403962e-02 9.580467660686377940e+01 -4.739209077650520865e-03 9.999860258848753958e-01 2.342633623014794483e-03 -4.036116159383865920e+00 -5.212785896589462037e-02 -2.586521742545954891e-03 9.986370693224376760e-01 -3.851173738761992649e+00
9.987585987783911268e-01 -2.276007375892580113e-03 4.976023670210498462e-02 9.635135340013832206e+01 2.605522241697075421e-03 9.999751003951830031e-01 -6.558189040550496847e-03 -4.053154300066116100e+00 -4.974407120524670933e-02 6.679699100143461112e-03 9.987396602718142669e-01 -3.902187428547774672e+00
9.988118838558828205e-01 8.227785303158389064e-04 4.872518551788761892e-02 9.688340605017050677e+01 -1.574317844094361997e-04 9.999067216153232351e-01 -1.365735273505535967e-02 -4.025534560058632749e+00 -4.873187748790078905e-02 1.363345532088317512e-02 9.987188458282529879e-01 -3.933279939815999882e+00
9.988130437996753930e-01 4.780487664968016345e-03 4.847319334758935089e-02 9.743366498666175346e+01 -3.795316571832471533e-03 9.997847813241255155e-01 -2.039574967463030422e-02 -4.082903034838016865e+00 -4.856026264083902061e-02 2.018756969909199159e-02 9.986162240429988790e-01 -3.993473225685696182e+00
9.986355624569527301e-01 1.561786235726293423e-02 4.983067099362756269e-02 9.852187616012729166e+01 -1.423158400257501163e-02 9.995050853353132370e-01 -2.805434735697564033e-02 -4.117329809293333476e+00 -5.024415799934572879e-02 2.730689957204560439e-02 9.983635899924931945e-01 -4.087582789896786473e+00
9.985154610536449704e-01 1.977863721561465282e-02 5.075115315655252812e-02 9.904093812154863485e+01 -1.838947204768896088e-02 9.994472655566034591e-01 -2.769459675162880968e-02 -4.138466121178907997e+00 -5.127086262814402329e-02 2.672019613178701347e-02 9.983272658622746043e-01 -4.113505214640103880e+00
9.974223484949548135e-01 5.453805542878133183e-02 4.662895273171044352e-02 1.006211901495402543e+02 -5.428744314164959950e-02 9.985033705972744533e-01 -6.625135698545979619e-03 -4.273940535426123510e+00 -4.692048848798437144e-02 4.076691787364097007e-03 9.988903084644078501e-01 -4.231423899452520843e+00
9.970959465653048692e-01 6.105251789580361244e-02 4.552211991571985389e-02 1.011279028139374532e+02 -6.133297576217712488e-02 9.981058740973425270e-01 4.788546390716631219e-03 -4.293748840053401850e+00 -4.514354247502948975e-02 -7.566647273557239491e-03 9.989518539058039881e-01 -4.287408620908533585e+00
9.973568801904186820e-01 5.610742433763776099e-02 4.616503515682811309e-02 1.016386640843637394e+02 -5.657790773773557075e-02 9.983580928390515252e-01 8.947559376282249177e-03 -4.268872758101306175e+00 -4.558721194430739865e-02 -1.153583100465973080e-02 9.988937534643895777e-01 -4.315036105230865893e+00
9.981660693609133439e-01 3.831560732709513029e-02 4.686589604115425772e-02 1.021443440961345459e+02 -3.892189189431251306e-02 9.991690795731152930e-01 1.209283905379909124e-02 -4.277225187849984067e+00 -4.636360973815428083e-02 -1.389477096498867997e-02 9.988279887107082144e-01 -4.347681404846994724e+00
9.988104776982048572e-01 2.354016952670489812e-02 4.270234254625688425e-02 1.026536600763007527e+02 -2.383349669120951933e-02 9.996956283890674477e-01 6.372991076223527215e-03 -4.300052743821862755e+00 -4.253932387513901375e-02 -7.383156400992326243e-03 9.990675126966167552e-01 -4.400617781968392705e+00
9.992438912675158935e-01 1.054648748422805371e-02 3.742215074388395568e-02 1.031569876870369313e+02 -1.069662434967401377e-02 9.999355156291156455e-01 3.814028192937494663e-03 -4.312237706252154190e+00 -3.737951299943478856e-02 -4.211435061779074396e-03 9.992922674686547380e-01 -4.399136995629354452e+00
9.993829994927870830e-01 2.293869720349453294e-03 3.504794553901948578e-02 1.036604437936279339e+02 -2.258653853475300205e-03 9.999969039021333606e-01 -1.044350955221282377e-03 -4.368542743760043479e+00 -3.505023263218367408e-02 9.645454129041037324e-04 9.993850863628975789e-01 -4.457175518450946505e+00
9.994801755515978492e-01 9.332401083307019854e-03 3.085911485067853802e-02 1.041243095290234493e+02 -9.084790363073752192e-03 9.999254833349870975e-01 -8.154407480089380378e-03 -4.404916309879942204e+00 -3.093291553355552795e-02 7.869820030510565889e-03 9.994904805295953265e-01 -4.519425417570259285e+00
9.993786465763195848e-01 1.568486656184547509e-02 3.156431098916733652e-02 1.046083173262689883e+02 -1.540339091115776674e-02 9.998395756762811226e-01 -9.141031665632176964e-03 -4.432402029786151942e+00 -3.170262316783629269e-02 8.649154433303269177e-03 9.994599220638449300e-01 -4.535159964740282490e+00
9.993077695623984180e-01 1.688408010242237189e-02 3.314980439338117979e-02 1.050794188957586925e+02 -1.667647868359406482e-02 9.998396202659197707e-01 -6.529073840668076639e-03 -4.459502263378164244e+00 -3.325472524228823001e-02 5.971732210694684351e-03 9.994290678499718750e-01 -4.551634194673286338e+00
9.992849441969654523e-01 1.856521410035851319e-02 3.293832307018008942e-02 1.055416184594793094e+02 -1.829096453098663297e-02 9.997956501405811380e-01 -8.608053002797263348e-03 -4.492478967035573589e+00 -3.309140247547537328e-02 7.999424065557942526e-03 9.994203161317191109e-01 -4.600258151794022865e+00
9.992947964192431254e-01 2.090984701002765803e-02 3.118794875333706640e-02 1.059923065716969148e+02 -2.073744402787624022e-02 9.997678927002926486e-01 -5.841159200613854803e-03 -4.521102325258222976e+00 -3.130284754801456598e-02 5.190281652613210582e-03 9.994964695844364977e-01 -4.623056567645855708e+00
9.992339611148461920e-01 2.373558896140670962e-02 3.111451062429250805e-02 1.064361811482054065e+02 -2.368437788092317073e-02 9.997174581891630218e-01 -2.013463730188048539e-03 -4.547396973127067810e+00 -3.115351022160585751e-02 1.274993511471135283e-03 9.995137984002111509e-01 -4.640307106539669491e+00
9.992217755780877786e-01 2.281668652491147115e-02 3.217517718051626785e-02 1.068685137269760190e+02 -2.266948416517908932e-02 9.997308463893763708e-01 -4.932470503296419728e-03 -4.550936853159949891e+00 -3.227905974867276151e-02 4.199237264684846718e-03 9.994700739432554881e-01 -4.692900783235009143e+00
9.993216818859465000e-01 1.437161076101814428e-02 3.390623713679970230e-02 1.073088013527847124e+02 -1.428636451802146878e-02 9.998941489539152627e-01 -2.755118252236148178e-03 -4.570288213865417504e+00 -3.394224361325168249e-02 2.268852542448499768e-03 9.994212207105866996e-01 -4.716375961151266338e+00
9.992476013536286672e-01 6.543603706785376152e-03 3.822842449733199893e-02 1.077194446662034579e+02 -6.178424424645758729e-03 9.999342255354591869e-01 -9.662901967336611636e-03 -4.598622248162939741e+00 -3.828914024431221558e-02 9.419440181346324520e-03 9.992223055386730834e-01 -4.756086867695191067e+00
9.992574014841738572e-01 1.955562079903845792e-03 3.848144170958529148e-02 1.081490821973932555e+02 -1.406606291738741804e-03 9.998969408746721799e-01 -1.428737513374590991e-02 -4.624811467463575632e+00 -3.850541569489426136e-02 1.422263711215266020e-02 9.991571695963250566e-01 -4.793749513859038025e+00
9.991274789314833482e-01 -3.101065986836875309e-03 4.164930051950072043e-02 1.085560931431724612e+02 3.883560766961739220e-03 9.998172238893991981e-01 -1.871995646000257016e-02 -4.628964747879892094e+00 -4.158363620208933853e-02 1.886537049305843719e-02 9.989569054750919719e-01 -4.785999159538250503e+00
9.990938603180297140e-01 -5.579953829220177242e-03 4.219386673535827081e-02 1.089452646564487566e+02 6.795630715235777275e-03 9.995642986262891494e-01 -2.872337575767935566e-02 -4.647766549179958240e+00 -4.201520769911230857e-02 2.898408230388654569e-02 9.986964730562544190e-01 -4.846446506643323104e+00
9.991683701460442046e-01 8.448309114335285364e-03 3.988977529149766860e-02 1.096925808682513974e+02 -6.985787556967544380e-03 9.993032998090428665e-01 -3.666215709648280169e-02 -4.629569703969485417e+00 -4.017171731338425172e-02 3.635300625624936915e-02 9.985312674444534187e-01 -4.889650227372615454e+00
9.989814488268147219e-01 2.680566335551580470e-02 3.629767639875734059e-02 1.100948023924624266e+02 -2.552179102223639529e-02 9.990478638188938776e-01 -3.538366829375151623e-02 -4.688951341361520697e+00 -3.721159876833354113e-02 3.442124650525746343e-02 9.987144109835047745e-01 -4.950891992035262312e+00
9.983996247898276888e-01 3.821931713735394337e-02 4.168300633454445625e-02 1.104818349292355748e+02 -3.696104118936096444e-02 9.988495955286647021e-01 -3.055105475137065429e-02 -4.735410218507367652e+00 -4.280269446810179568e-02 2.896151428667444877e-02 9.986636871522329706e-01 -4.962350086783260394e+00
9.978112440661610627e-01 5.242800422452898595e-02 4.029920083789251956e-02 1.108451825574416461e+02 -5.139438651388410911e-02 9.983328353866740557e-01 -2.627102631542101857e-02 -4.757289431078123521e+00 -4.160935291495786864e-02 2.414237274662180827e-02 9.988422335825420939e-01 -5.025021309159573235e+00
9.971682242848231015e-01 6.162350811641486431e-02 4.310540249294617793e-02 1.112222189990774837e+02 -6.096588871696206197e-02 9.980049612256247649e-01 -1.640907620770144792e-02 -4.812741062844376749e+00 -4.403059038445585743e-02 1.373465021270317728e-02 9.989357669509741910e-01 -5.035921103987031522e+00
9.965165961304544018e-01 7.076381943583520684e-02 4.412658490553388047e-02 1.115477787005037555e+02 -7.041575137140163032e-02 9.974734864273377966e-01 -9.394989797355181305e-03 -4.809604883701349642e+00 -4.467992385147637191e-02 6.255056621963614449e-03 9.989817709404322787e-01 -5.056294228510326505e+00
9.966307645251443192e-01 6.997845659045240363e-02 4.278007497941679893e-02 1.119496681850244926e+02 -6.975778358261711110e-02 9.975419171859805090e-01 -6.631371393552888682e-03 -4.864009752334721881e+00 -4.313897114752633655e-02 3.624785529744496693e-03 9.990625056012242267e-01 -5.096541870411061659e+00
9.971384309180502115e-01 5.676862560374944244e-02 4.992266753039320548e-02 1.123175421725482295e+02 -5.679956907199867899e-02 9.983852809955788832e-01 -7.997778530909520431e-04 -4.900509381478312498e+00 -4.988745873988877089e-02 -2.038096769136875375e-03 9.987527660147107467e-01 -5.060522413122956920e+00
9.985516853759495159e-01 4.899872345854135169e-02 2.221838725659677424e-02 1.126779015779358843e+02 -4.902360320372710356e-02 9.987974541257272909e-01 5.761604716850948858e-04 -4.894804455471020610e+00 -2.216343749904852237e-02 -1.664551410742300423e-03 9.997529751427733924e-01 -5.069856131258887011e+00
9.993016060466249906e-01 3.713137572198126762e-02 4.190595378819355309e-03 1.133461017515975726e+02 -3.712331621970594436e-02 9.993087207822874962e-01 -1.984933580741288315e-03 -4.884903819063019625e+00 -4.261401821893817492e-03 1.827978517733898356e-03 9.999892494167380574e-01 -5.145912827136065459e+00
9.990764849916001777e-01 3.935980766332149161e-02 1.723318535660801204e-02 1.136528028150768819e+02 -3.920209773098812245e-02 9.991871270892457302e-01 -9.395775254317031283e-03 -4.896622273067442244e+00 -1.758899287392333421e-02 8.711521098288137893e-03 9.998073498078693389e-01 -5.189750965897779622e+00
9.986521629564583113e-01 4.412133309192682595e-02 2.733432619580312972e-02 1.140077529475377816e+02 -4.383589769471017694e-02 9.989786757401717399e-01 -1.095534069355282372e-02 -4.914586984615393561e+00 -2.778977322120908255e-02 9.742349952868371854e-03 9.995663135188728177e-01 -5.190752796660472512e+00
