1779439914.9039 0.0000 0.0000 0.0000 0.0000 0.0000 0.0000 1.0000
1779439915.0033 0.4286 0.0063 0.0053 0.0094 0.0021 0.0085 0.9999
1779439915.1039 0.8554 -0.0056 -0.0024 0.0191 0.0008 0.0139 0.9997
1779439915.2045 1.2927 -0.0380 0.0066 0.0242 -0.0045 0.0084 0.9997
1779439915.4040 2.1624 -0.0699 -0.0587 0.0194 0.0016 -0.0071 0.9998
1779439915.5032 2.5972 -0.1193 -0.0656 0.0178 0.0042 -0.0146 0.9997
1779439915.6036 3.0261 -0.1332 -0.0908 0.0137 0.0041 -0.0240 0.9996
1779439915.7040 3.4601 -0.1819 -0.0746 0.0064 0.0036 -0.0303 0.9995
1779439915.8036 3.8744 -0.2160 -0.1398 0.0009 0.0033 -0.0356 0.9994
1779439916.0034 4.7308 -0.2667 -0.1711 -0.0081 0.0035 -0.0316 0.9995
1779439916.1036 5.1365 -0.3043 -0.2016 -0.0107 0.0081 -0.0263 0.9996
1779439916.2034 5.5739 -0.3009 -0.2748 -0.0097 0.0040 -0.0206 0.9997
1779439916.3033 6.0079 -0.3027 -0.2012 -0.0091 0.0041 -0.0096 0.9999
1779439916.4042 6.4146 -0.3029 -0.2460 -0.0054 0.0102 0.0004 0.9999
1779439916.6037 7.2708 -0.2582 -0.1999 0.0094 0.0060 0.0171 0.9998
1779439916.7043 7.7095 -0.2294 -0.3231 0.0167 -0.0013 0.0227 0.9996
1779439916.8035 8.1488 -0.2027 -0.3533 0.0227 -0.0002 0.0205 0.9995
1779439917.0028 8.9837 -0.2528 -0.4286 0.0271 0.0064 0.0004 0.9996
1779439917.1037 9.3947 -0.2651 -0.3950 0.0267 0.0083 -0.0057 0.9996
1779439917.2030 9.7810 -0.2868 -0.4415 0.0276 0.0103 -0.0101 0.9995
1779439917.3036 10.2006 -0.2852 -0.4383 0.0281 0.0093 -0.0083 0.9995
1779439917.4039 10.6327 -0.2933 -0.4313 0.0296 0.0062 -0.0108 0.9995
1779439917.6030 11.4801 -0.3652 -0.5830 0.0288 -0.0007 -0.0228 0.9993
1779439917.7038 11.9022 -0.4401 -0.4863 0.0253 0.0022 -0.0333 0.9991
1779439917.8037 12.2786 -0.5016 -0.6099 0.0200 0.0051 -0.0428 0.9989
1779439918.0042 13.0970 -0.6174 -0.5317 0.0088 0.0096 -0.0542 0.9984
1779439918.1041 13.5036 -0.6985 -0.5349 0.0003 0.0140 -0.0523 0.9985
1779439918.2028 13.9725 -0.7355 -0.4449 -0.0055 -0.0235 -0.0476 0.9986
1779439918.3029 14.4244 -0.7388 0.1297 -0.0047 -0.0372 -0.0405 0.9985
1779439918.4033 14.7901 -0.7418 -0.6417 -0.0065 -0.0522 -0.0364 0.9979
1779439918.5030 15.1808 -0.7773 -0.6600 -0.0023 -0.0574 -0.0308 0.9979
1779439918.6030 15.5709 -0.8021 -0.3169 -0.0017 -0.0495 -0.0261 0.9984
1779439918.7039 15.9226 -0.7968 -0.4419 -0.0032 -0.0502 -0.0224 0.9985
1779439918.9040 16.6266 -0.8363 -0.4457 -0.0005 -0.0450 -0.0167 0.9988
1779439919.0030 16.9487 -0.8421 -0.4342 -0.0008 -0.0416 -0.0157 0.9990
1779439919.1040 17.2557 -0.8424 -0.4569 -0.0008 -0.0394 -0.0198 0.9990
1779439919.2017 17.5897 -0.8579 -0.3663 0.0001 -0.0362 -0.0253 0.9990
1779439919.3030 17.8929 -0.9111 -0.3727 0.0010 -0.0330 -0.0273 0.9991
1779439919.4035 18.2170 -0.9612 -0.4070 0.0041 -0.0307 -0.0252 0.9992
1779439919.6033 18.7903 -0.9979 -0.4221 0.0109 -0.0236 -0.0233 0.9994
1779439919.7036 19.0796 -1.0093 -0.4797 0.0114 -0.0225 -0.0269 0.9993
1779439919.8032 19.3732 -1.0311 -0.4529 0.0122 -0.0170 -0.0343 0.9992
1779439920.0021 19.9074 -1.1003 -0.4996 0.0090 -0.0102 -0.0403 0.9991
1779439920.1035 20.1793 -1.1218 -0.4752 0.0110 -0.0046 -0.0399 0.9991
1779439920.2022 20.4365 -1.1650 -0.4784 0.0106 -0.0012 -0.0345 0.9993
1779439920.4048 20.9783 -1.1864 -0.5103 0.0117 0.0053 -0.0308 0.9994
1779439920.5036 21.2274 -1.2148 -0.5463 0.0096 0.0076 -0.0320 0.9994
1779439920.6046 21.4837 -1.2248 -0.5540 0.0103 0.0104 -0.0356 0.9993
1779439920.9047 22.2746 -1.2729 -0.6346 0.0111 0.0160 -0.0388 0.9991
1779439921.0056 22.5549 -1.3091 -0.6571 0.0125 0.0199 -0.0404 0.9989
1779439921.1048 22.8179 -1.3026 -0.6970 0.0126 0.0242 -0.0410 0.9988
1779439921.2045 23.0875 -1.3710 -0.7224 0.0125 0.0270 -0.0443 0.9986
1779439921.3048 23.3562 -1.3940 -0.7711 0.0114 0.0311 -0.0477 0.9983
1779439921.4050 23.6264 -1.4371 -0.7902 0.0102 0.0349 -0.0504 0.9981
1779439921.6056 24.1399 -1.5095 -0.8625 0.0062 0.0405 -0.0558 0.9976
1779439921.7074 24.4225 -1.5601 -0.9090 0.0049 0.0431 -0.0578 0.9974
1779439921.8058 24.6823 -1.6206 -0.9588 0.0031 0.0463 -0.0580 0.9972
1779439921.9074 24.9280 -1.6106 -1.0158 0.0030 0.0495 -0.0579 0.9971
1779439922.0078 25.1821 -1.6427 -1.0168 0.0023 0.0523 -0.0526 0.9972
1779439922.1078 25.4401 -1.5936 -1.0349 0.0038 0.0542 -0.0473 0.9974
1779439922.2087 25.6796 -1.6342 -1.0985 0.0060 0.0543 -0.0429 0.9976
1779439922.3088 25.9304 -1.6299 -1.1361 0.0081 0.0563 -0.0383 0.9976
1779439922.4103 26.1815 -1.6064 -1.1635 0.0112 0.0583 -0.0343 0.9976
1779439922.5101 26.4378 -1.6097 -1.2071 0.0154 0.0584 -0.0339 0.9976
1779439922.7102 26.9100 -1.6717 -1.2879 0.0213 0.0582 -0.0324 0.9976
1779439922.8109 27.1472 -1.7257 -1.2868 0.0237 0.0595 -0.0346 0.9973
1779439922.9102 27.3836 -1.7455 -1.3565 0.0252 0.0586 -0.0396 0.9972
1779439923.0115 27.6221 -1.7762 -1.3974 0.0273 0.0579 -0.0474 0.9968
1779439923.1102 27.8703 -1.8172 -1.4385 0.0275 0.0582 -0.0548 0.9964
1779439923.2090 28.1524 -1.8614 -1.3020 0.0282 0.0610 -0.0610 0.9959
1779439923.3074 28.4166 -1.9793 -1.2824 0.0268 0.0358 -0.0693 0.9966
1779439923.4061 28.6742 -2.0559 -1.2434 0.0247 0.0199 -0.0785 0.9964
1779439923.5055 28.9696 -2.1357 -1.3410 0.0227 -0.0018 -0.0885 0.9958
1779439923.6061 29.2583 -2.1883 -1.5185 0.0243 -0.0072 -0.0966 0.9950
1779439923.7055 29.5151 -2.3012 -1.5139 0.0241 -0.0004 -0.1034 0.9944
1779439923.8060 29.7695 -2.3733 -1.4372 0.0203 0.0060 -0.1103 0.9937
1779439923.9054 30.0324 -2.4460 -1.4646 0.0157 0.0042 -0.1167 0.9930
1779439924.0054 30.2764 -2.5429 -1.4444 0.0112 0.0058 -0.1218 0.9925
1779439924.1053 30.5348 -2.6166 -1.5037 0.0088 0.0049 -0.1293 0.9916
1779439924.2055 30.7929 -2.7172 -1.5472 0.0023 0.0048 -0.1360 0.9907
1779439924.3044 31.0348 -2.8090 -1.4657 -0.0077 0.0084 -0.1413 0.9899
1779439924.4045 31.2984 -2.8780 -1.5464 -0.0136 0.0078 -0.1474 0.9890
1779439924.5052 31.5620 -2.9411 -1.5340 -0.0248 0.0082 -0.1485 0.9886
1779439924.6029 31.8266 -2.9887 -1.5696 -0.0332 0.0068 -0.1405 0.9895
1779439924.8046 32.3321 -3.0131 -1.6254 -0.0451 0.0117 -0.1116 0.9927
1779439925.0047 32.8325 -2.9772 -1.6671 -0.0547 0.0083 -0.0682 0.9961
1779439925.2046 33.3421 -3.0213 -1.6656 -0.0617 0.0044 -0.0126 0.9980
1779439925.3044 33.5627 -2.9520 -1.6854 -0.0607 -0.0006 0.0280 0.9978
1779439925.4046 33.7833 -2.8801 -1.6409 -0.0602 -0.0024 0.0681 0.9959
1779439925.5047 33.9405 -2.6901 -1.6164 -0.0625 -0.0053 0.1025 0.9928
1779439925.6032 34.1075 -2.5672 -1.5859 -0.0621 -0.0123 0.1295 0.9896
1779439925.7045 34.2531 -2.3983 -1.6111 -0.0561 -0.0208 0.1642 0.9846
