1779440630.8070 0.0000 0.0000 0.0000 0.0000 0.0000 0.0000 1.0000
1779440630.9075 -0.0317 0.0056 0.0113 0.0005 -0.0000 0.0001 1.0000
1779440631.0072 -0.0134 0.0072 0.0027 0.0014 0.0001 -0.0000 1.0000
1779440631.1054 -0.0115 0.0047 0.0043 0.0037 0.0003 0.0001 1.0000
1779440631.2055 -0.0259 0.0102 0.0129 0.0051 0.0003 0.0004 1.0000
1779440631.4049 -0.0162 -0.0120 0.0052 0.0126 -0.0002 0.0006 0.9999
1779440631.6055 -0.0207 -0.0343 0.0078 0.0236 -0.0005 -0.0008 0.9997
1779440631.7047 -0.0218 -0.0369 0.0052 0.0256 -0.0010 0.0001 0.9997
1779440631.8052 -0.0123 -0.0356 -0.0053 0.0248 -0.0007 -0.0006 0.9997
1779440632.0050 -0.0171 -0.0300 -0.0002 0.0221 -0.0000 0.0005 0.9998
1779440632.1056 -0.0110 -0.0179 -0.0003 0.0207 0.0003 -0.0006 0.9998
1779440632.2049 -0.0225 -0.0249 0.0082 0.0177 -0.0004 -0.0002 0.9998
1779440632.3058 -0.0182 -0.0079 -0.0032 0.0140 -0.0003 -0.0000 0.9999
1779440632.4058 -0.0249 -0.0039 0.0112 0.0133 0.0000 -0.0013 0.9999
1779440632.5057 -0.0265 -0.0111 0.0053 0.0130 -0.0007 -0.0006 0.9999
1779440632.7072 -0.0206 -0.0090 0.0098 0.0163 -0.0007 -0.0015 0.9999
1779440632.8051 -0.0196 -0.0183 0.0030 0.0175 -0.0014 -0.0008 0.9998
1779440632.9057 -0.0223 -0.0115 0.0008 0.0166 -0.0010 -0.0018 0.9999
1779440633.0051 -0.0235 -0.0069 0.0081 0.0124 -0.0006 -0.0013 0.9999
1779440633.2049 -0.0216 0.0077 0.0057 0.0071 -0.0008 -0.0013 1.0000
1779440633.3057 -0.0230 -0.0127 0.0039 0.0098 -0.0004 -0.0001 1.0000
1779440633.4059 -0.0131 -0.0073 0.0064 0.0129 0.0001 -0.0003 0.9999
1779440633.5043 -0.0249 -0.0051 0.0027 0.0138 -0.0003 -0.0013 0.9999
1779440633.6049 -0.0191 -0.0108 0.0008 0.0121 0.0001 -0.0000 0.9999
1779440633.8022 -0.0193 -0.0026 0.0020 0.0056 0.0004 -0.0000 1.0000
1779440633.9026 -0.0198 0.0022 0.0061 0.0010 0.0006 0.0005 1.0000
1779440634.0026 -0.0184 0.0172 0.0147 -0.0045 0.0007 -0.0001 1.0000
1779440634.2010 -0.0127 0.0415 0.0073 -0.0180 0.0013 0.0008 0.9998
1779440634.3022 -0.0215 0.0451 0.0151 -0.0224 0.0013 0.0006 0.9997
1779440634.4025 -0.0253 0.0623 0.0135 -0.0252 0.0012 0.0012 0.9997
1779440634.7026 -0.0204 0.0356 0.0138 -0.0194 0.0008 0.0014 0.9998
1779440634.8011 -0.0189 0.0369 0.0087 -0.0188 0.0007 0.0005 0.9998
1779440634.9026 -0.0190 0.0453 0.0036 -0.0213 0.0011 0.0006 0.9998
1779440635.0027 -0.0168 0.0546 -0.0030 -0.0259 0.0010 0.0010 0.9997
1779440635.1026 -0.0097 0.0717 0.0007 -0.0316 0.0012 0.0007 0.9995
1779440635.2026 -0.0133 0.0728 -0.0008 -0.0384 0.0012 0.0017 0.9993
1779440635.3024 -0.0074 0.0814 -0.0005 -0.0441 0.0012 0.0016 0.9990
1779440635.4024 -0.0104 0.1027 0.0019 -0.0485 0.0016 0.0013 0.9988
1779440635.5028 -0.0025 0.0983 -0.0035 -0.0528 0.0016 0.0023 0.9986
1779440635.6025 0.0054 0.1194 -0.0010 -0.0552 0.0016 0.0015 0.9985
1779440635.7026 0.0071 0.1091 -0.0006 -0.0574 0.0018 0.0019 0.9983
1779440635.8042 0.0042 0.1227 -0.0057 -0.0610 0.0017 0.0023 0.9981
1779440636.0079 0.0090 0.1438 -0.0099 -0.0718 0.0022 0.0022 0.9974
1779440636.1077 0.0068 0.1529 -0.0152 -0.0775 0.0022 0.0025 0.9970
1779440636.2080 0.0111 0.1631 -0.0117 -0.0817 0.0023 0.0022 0.9967
1779440636.3078 0.0043 0.1705 -0.0138 -0.0849 0.0025 0.0027 0.9964
1779440636.4080 0.0051 0.1754 -0.0184 -0.0856 0.0023 0.0026 0.9963
1779440636.5080 0.0054 0.1693 -0.0110 -0.0847 0.0029 0.0025 0.9964
1779440636.6078 0.0052 0.1668 -0.0142 -0.0852 0.0028 0.0029 0.9964
1779440636.7080 0.0005 0.1675 -0.0102 -0.0871 0.0030 0.0028 0.9962
1779440636.8082 0.0044 0.1690 -0.0135 -0.0890 0.0029 0.0026 0.9960
1779440636.9084 0.0019 0.1821 -0.0071 -0.0898 0.0032 0.0025 0.9960
1779440637.0083 -0.0034 0.1773 -0.0147 -0.0906 0.0027 0.0026 0.9959
1779440637.1080 0.0013 0.1783 -0.0111 -0.0921 0.0029 0.0029 0.9957
1779440637.2081 -0.0036 0.1799 -0.0086 -0.0928 0.0032 0.0029 0.9957
1779440637.3083 -0.0017 0.1839 -0.0129 -0.0933 0.0027 0.0026 0.9956
1779440637.4078 -0.0026 0.1812 -0.0083 -0.0935 0.0031 0.0032 0.9956
1779440637.5082 -0.0041 0.1813 -0.0122 -0.0936 0.0031 0.0034 0.9956
1779440637.6081 -0.0053 0.1796 -0.0121 -0.0946 0.0029 0.0031 0.9955
1779440637.7081 -0.0010 0.1859 -0.0108 -0.0954 0.0030 0.0029 0.9954
1779440637.8079 -0.0149 0.1814 -0.0113 -0.0969 0.0032 0.0030 0.9953
1779440637.9087 -0.0192 0.1715 -0.0147 -0.0981 0.0026 0.0030 0.9952
1779440638.0027 -0.0154 0.1911 -0.0142 -0.0992 0.0027 0.0031 0.9951
1779440638.1029 -0.0216 0.1931 -0.0140 -0.1009 0.0027 0.0031 0.9949
1779440638.2079 -0.0220 0.1990 -0.0158 -0.1022 0.0029 0.0029 0.9948
1779440638.3085 -0.0199 0.1986 -0.0183 -0.1051 0.0030 0.0032 0.9945
1779440638.4081 -0.0216 0.1979 -0.0204 -0.1074 0.0032 0.0032 0.9942
1779440638.5095 -0.0163 0.2063 -0.0214 -0.1080 0.0032 0.0031 0.9941
1779440638.6114 -0.0187 0.2057 -0.0174 -0.1073 0.0032 0.0030 0.9942
1779440638.8114 -0.0211 0.2048 -0.0189 -0.1033 0.0032 0.0029 0.9946
1779440638.9135 -0.0226 0.1929 -0.0129 -0.0989 0.0032 0.0028 0.9951
1779440639.0107 -0.0166 0.1900 -0.0135 -0.0939 0.0032 0.0026 0.9956
1779440639.1129 -0.0203 0.1790 -0.0068 -0.0883 0.0030 0.0026 0.9961
1779440639.2087 -0.0174 0.1687 -0.0033 -0.0836 0.0026 0.0022 0.9965
1779440639.3088 -0.0119 0.1691 -0.0032 -0.0807 0.0021 0.0021 0.9967
1779440639.4095 -0.0083 0.1594 -0.0023 -0.0798 0.0019 0.0024 0.9968
1779440639.6088 0.0053 0.1573 -0.0054 -0.0781 0.0023 0.0023 0.9969
1779440639.7087 0.0112 0.1445 -0.0069 -0.0780 0.0028 0.0030 0.9969
1779440639.8082 0.0169 0.1483 -0.0091 -0.0792 0.0032 0.0029 0.9968
1779440639.9084 0.0245 0.1674 -0.0087 -0.0794 0.0030 0.0019 0.9968
1779440640.0082 0.0318 0.1581 -0.0131 -0.0777 0.0027 0.0020 0.9970
1779440640.1082 0.0384 0.1506 -0.0084 -0.0763 0.0021 0.0025 0.9971
1779440640.2067 0.0474 0.1517 -0.0035 -0.0753 0.0019 0.0023 0.9972
1779440640.3082 0.0644 0.1480 -0.0105 -0.0734 0.0012 0.0018 0.9973
1779440640.4083 0.0858 0.1438 -0.0092 -0.0703 0.0010 0.0017 0.9975
1779440640.5082 0.1175 0.1400 -0.0069 -0.0656 0.0006 0.0011 0.9978
1779440640.6082 0.1549 0.1280 -0.0085 -0.0594 0.0001 0.0001 0.9982
1779440640.7082 0.1981 0.0983 -0.0133 -0.0531 -0.0011 -0.0002 0.9986
1779440640.8082 0.2657 0.0794 -0.0166 -0.0475 -0.0012 -0.0019 0.9989
1779440640.9069 0.3484 0.0594 -0.0228 -0.0448 0.0002 -0.0056 0.9990
1779440641.0085 0.4620 0.0472 -0.0266 -0.0438 0.0005 -0.0127 0.9990
1779440641.1066 0.5847 0.0152 -0.0282 -0.0457 0.0022 -0.0197 0.9988
1779440641.2068 0.6947 0.0038 -0.0265 -0.0465 0.0038 -0.0277 0.9985
1779440641.3051 0.8084 -0.0301 -0.0228 -0.0470 0.0029 -0.0353 0.9983
1779440641.4058 0.9372 -0.0606 -0.0144 -0.0455 0.0028 -0.0421 0.9981
1779440641.5059 1.0438 -0.0943 -0.0411 -0.0416 0.0008 -0.0473 0.9980
1779440641.6051 1.1637 -0.1226 -0.0363 -0.0376 -0.0007 -0.0476 0.9982
1779440641.7047 1.2755 -0.1426 -0.0411 -0.0307 -0.0011 -0.0497 0.9983
1779440641.8047 1.3878 -0.1815 -0.0474 -0.0224 -0.0016 -0.0524 0.9984
1779440641.9051 1.5103 -0.2066 -0.0383 -0.0193 -0.0026 -0.0518 0.9985
1779440642.0060 1.6344 -0.2229 -0.0495 -0.0148 -0.0039 -0.0564 0.9983
1779440642.2059 1.9214 -0.2704 -0.0669 -0.0087 -0.0021 -0.0731 0.9973
1779440642.4051 2.1849 -0.3977 -0.0716 -0.0032 -0.0021 -0.1051 0.9945
1779440642.6047 2.4256 -0.5973 -0.0608 -0.0018 -0.0049 -0.1422 0.9898
1779440642.7050 2.5751 -0.6820 -0.0533 -0.0028 -0.0076 -0.1602 0.9871
1779440642.8050 2.6902 -0.7922 -0.0644 -0.0008 -0.0106 -0.1809 0.9834
1779440642.9036 2.8253 -0.8977 -0.0461 0.0008 -0.0119 -0.1963 0.9805
1779440643.0038 2.9706 -0.9854 -0.0672 0.0036 -0.0151 -0.2174 0.9759
1779440643.1034 3.1037 -1.0938 -0.0789 0.0040 -0.0170 -0.2397 0.9707
1779440643.2049 3.2568 -1.1987 -0.0565 0.0063 -0.0186 -0.2674 0.9634
1779440643.4036 3.4660 -1.4876 -0.0536 0.0060 -0.0248 -0.3300 0.9436
1779440643.5037 3.5340 -1.7091 -0.0675 0.0073 -0.0291 -0.3593 0.9328
1779440643.6033 3.5979 -1.9114 -0.0743 0.0079 -0.0311 -0.3870 0.9215
1779440643.7040 3.6780 -2.1245 -0.0833 0.0102 -0.0328 -0.4174 0.9081
1779440643.8054 3.6985 -2.3521 -0.0636 0.0120 -0.0331 -0.4475 0.8936
1779440643.9037 3.7335 -2.5673 -0.0592 0.0119 -0.0329 -0.4784 0.8775
1779440644.0053 3.7424 -2.8018 -0.0469 0.0117 -0.0339 -0.5101 0.8594
1779440644.1036 3.7492 -2.9718 -0.0267 0.0122 -0.0321 -0.5371 0.8428
1779440644.3051 3.7442 -3.3552 0.0095 0.0072 -0.0329 -0.5875 0.8085
1779440644.4050 3.7268 -3.5570 -0.0004 0.0035 -0.0344 -0.6080 0.7932
1779440644.5051 3.6972 -3.7702 -0.0113 0.0043 -0.0366 -0.6277 0.7776
1779440644.6062 3.6990 -3.9837 -0.0024 0.0053 -0.0389 -0.6459 0.7624
1779440644.7065 3.6892 -4.2112 -0.0051 0.0094 -0.0426 -0.6627 0.7476
1779440644.8090 3.6470 -4.4121 -0.0053 0.0157 -0.0469 -0.6819 0.7298
1779440644.9113 3.5584 -4.6185 -0.0165 0.0193 -0.0510 -0.6997 0.7124
1779440645.0100 3.4207 -4.7940 0.0016 -0.0253 0.0558 0.7210 -0.6902
1779440645.1092 3.2770 -4.9495 -0.0074 -0.0256 0.0610 0.7452 -0.6636
1779440645.2091 3.1550 -5.1861 0.0057 -0.0249 0.0665 0.7744 -0.6287
1779440645.3090 3.0061 -5.3827 0.0356 -0.0237 0.0721 0.8045 -0.5891
1779440645.4088 2.8285 -5.5498 0.0421 -0.0167 0.0736 0.8297 -0.5530
1779440645.5092 2.6234 -5.6948 0.0686 -0.0124 0.0788 0.8547 -0.5129
1779440645.6093 2.3973 -5.8340 0.0757 -0.0046 0.0806 0.8747 -0.4780
1779440645.7056 2.1543 -5.9231 0.0877 0.0014 0.0825 0.8920 -0.4444
1779440645.8055 1.9616 -6.0218 0.1178 0.0067 0.0854 0.9092 -0.4075
1779440645.9052 1.7249 -6.0938 0.1149 0.0136 0.0875 0.9248 -0.3701
1779440646.0040 1.4805 -6.1465 0.1254 0.0177 0.0909 0.9400 -0.3283
1779440646.1040 1.2275 -6.1964 0.1391 0.0218 0.0938 0.9528 -0.2879
1779440646.2036 0.9966 -6.1931 0.1328 0.0257 0.0974 0.9630 -0.2499
1779440646.3037 0.7439 -6.1670 0.1491 0.0281 0.1024 0.9719 -0.2103
1779440646.4040 0.4845 -6.1004 0.1456 0.0311 0.1078 0.9792 -0.1691
1779440646.6038 0.0418 -5.9562 0.1548 0.0362 0.1160 0.9899 -0.0737
1779440646.7055 -0.1661 -5.8115 0.1712 0.0381 0.1197 0.9919 -0.0201
1779440646.8055 -0.3975 -5.6735 0.1977 0.0436 0.1203 0.9910 0.0388
1779440646.9067 -0.5621 -5.4763 0.2111 0.0484 0.1181 0.9869 0.0988
1779440647.0041 -0.7198 -5.2935 0.2049 0.0526 0.1123 0.9792 0.1608
1779440647.2038 -0.9165 -4.7903 0.2055 0.0540 0.0999 0.9547 0.2750
1779440647.3039 -1.0053 -4.5564 0.2163 0.0532 0.0917 0.9383 0.3293
1779440647.4044 -1.0756 -4.3424 0.2147 0.0527 0.0822 0.9198 0.3801
1779440647.5040 -1.1482 -4.1286 0.2288 0.0522 0.0735 0.9015 0.4234
1779440647.6043 -1.1701 -3.9300 0.2254 0.0520 0.0675 0.8843 0.4591
1779440647.7057 -1.2058 -3.7113 0.2363 0.0510 0.0633 0.8673 0.4910
1779440647.8058 -1.2400 -3.4974 0.2203 0.0492 0.0588 0.8502 0.5209
1779440647.9067 -1.2502 -3.2763 0.2151 0.0468 0.0537 0.8316 0.5508
1779440648.0075 -1.2666 -3.0686 0.2044 0.0428 0.0472 0.8153 0.5755
1779440648.1068 -1.2792 -2.8597 0.1997 0.0392 0.0394 0.7993 0.5983
1779440648.2077 -1.2884 -2.6430 0.1906 0.0354 0.0295 0.7835 0.6196
1779440648.3069 -1.2960 -2.4508 0.1907 0.0292 0.0202 0.7723 0.6343
1779440648.4068 -1.3297 -2.2402 0.1816 0.0228 0.0150 0.7637 0.6450
1779440648.5090 -1.3461 -2.0351 0.1735 0.0180 0.0115 0.7590 0.6507
1779440648.6067 -1.3415 -1.8281 0.1615 0.0139 0.0114 0.7551 0.6554
1779440648.7068 -1.3878 -1.5990 0.1479 0.0115 0.0115 0.7492 0.6621
1779440648.8075 -1.4070 -1.3787 0.1475 0.0073 0.0094 0.7487 0.6628
1779440648.9069 -1.4390 -1.1658 0.1266 0.0079 0.0109 0.7472 0.6644
1779440649.0076 -1.4707 -0.9414 0.1221 0.0066 0.0132 0.7486 0.6628
1779440649.1070 -1.5011 -0.7262 0.1055 0.0090 0.0158 0.7519 0.6590
1779440649.2075 -1.5237 -0.4967 0.0991 0.0111 0.0193 0.7541 0.6563
1779440649.4075 -1.5885 -0.0495 0.0842 0.0151 0.0213 0.7576 0.6522
1779440649.6075 -1.6062 0.4098 0.0610 0.0160 0.0217 0.7519 0.6587
1779440649.7095 -1.5948 0.6521 0.0464 0.0170 0.0245 0.7425 0.6692
1779440649.8097 -1.5632 0.9020 0.0410 0.0146 0.0246 0.7344 0.6782
1779440649.9096 -1.5321 1.1405 0.0263 0.0113 0.0255 0.7266 0.6865
1779440650.0099 -1.5316 1.3835 0.0024 0.0070 0.0265 0.7187 0.6948
1779440650.1100 -1.5073 1.6259 -0.0263 0.0051 0.0262 0.7128 0.7008
1779440650.2100 -1.5021 1.8711 -0.0437 0.0024 0.0275 0.7083 0.7054
1779440650.3107 -1.4898 2.1124 -0.0590 -0.0009 0.0287 0.7063 0.7074
1779440650.4099 -1.4396 2.3640 -0.0835 -0.0035 0.0281 0.7026 0.7110
1779440650.5100 -1.4248 2.6166 -0.1028 -0.0083 0.0252 0.6992 0.7145
1779440650.6107 -1.4141 2.8688 -0.1225 -0.0142 0.0224 0.6940 0.7195
1779440650.7098 -1.3955 3.1286 -0.1461 -0.0221 0.0184 0.6887 0.7245
1779440650.8108 -1.3679 3.3822 -0.1982 -0.0290 0.0150 0.6858 0.7271
1779440650.9108 -1.4013 3.6547 -0.2163 -0.0347 0.0140 0.6839 0.7286
1779440651.0119 -1.4342 3.9506 -0.2307 -0.0399 0.0112 0.6902 0.7224
1779440651.1101 -1.4323 4.2022 -0.2621 -0.0381 0.0097 0.6986 0.7145
1779440651.2101 -1.4997 4.5002 -0.2790 -0.0338 0.0076 0.7069 0.7065
1779440651.3097 -1.5150 4.7828 -0.3117 -0.0287 0.0056 0.7183 0.6952
1779440651.4093 -1.5610 5.0615 -0.3326 -0.0259 0.0073 0.7266 0.6866
1779440651.5093 -1.6016 5.3393 -0.3603 -0.0238 0.0071 0.7366 0.6759
1779440651.6097 -1.6236 5.6352 -0.3580 -0.0195 0.0089 0.7455 0.6661
1779440651.7071 -1.6591 5.9167 -0.3774 -0.0136 0.0082 0.7529 0.6580
1779440651.8078 -1.6968 6.1959 -0.4074 -0.0094 0.0100 0.7541 0.6566
1779440651.9097 -1.6960 6.4869 -0.4182 -0.0065 0.0124 0.7530 0.6578
1779440652.0071 -1.7321 6.7750 -0.4318 -0.0058 0.0139 0.7539 0.6568
1779440652.1062 -1.7601 7.0588 -0.4584 -0.0029 0.0151 0.7535 0.6573
1779440652.2062 -1.8104 7.3557 -0.4686 -0.0004 0.0166 0.7531 0.6577
1779440652.3063 -1.8398 7.6650 -0.4839 0.0020 0.0168 0.7542 0.6564
1779440652.4062 -1.8837 7.9482 -0.5026 0.0032 0.0183 0.7555 0.6548
1779440652.5072 -1.9190 8.2385 -0.5162 0.0053 0.0195 0.7557 0.6546
1779440652.6079 -1.9339 8.5198 -0.5297 0.0056 0.0198 0.7544 0.6561
1779440652.7073 -1.9674 8.8254 -0.5450 0.0057 0.0205 0.7516 0.6593
1779440652.8073 -1.9722 9.1237 -0.5658 0.0087 0.0186 0.7476 0.6638
1779440652.9073 -1.9904 9.4242 -0.5650 0.0076 0.0185 0.7424 0.6696
1779440653.0061 -2.0121 9.7011 -0.5836 0.0085 0.0181 0.7355 0.6773
1779440653.1064 -1.9967 10.0107 -0.6104 0.0080 0.0170 0.7304 0.6827
1779440653.2063 -1.9962 10.2954 -0.6106 0.0008 0.0195 0.7295 0.6837
1779440653.3062 -1.9936 10.5897 -0.6585 0.0020 0.0156 0.7272 0.6862
1779440653.4064 -2.0153 10.8869 -0.6566 -0.0023 0.0132 0.7258 0.6877
1779440653.6064 -2.0529 11.4630 -0.6851 -0.0093 0.0066 0.7243 0.6894
1779440653.7065 -2.0648 11.7647 -0.7035 -0.0134 0.0041 0.7243 0.6893
1779440653.8060 -2.0658 12.0647 -0.7220 -0.0161 0.0007 0.7251 0.6884
1779440653.9063 -2.0739 12.3642 -0.7382 -0.0170 -0.0015 0.7308 0.6824
1779440654.0074 -2.1162 12.6474 -0.7563 -0.0163 -0.0006 0.7359 0.6769
1779440654.2062 -2.1988 13.2331 -0.7873 -0.0143 0.0005 0.7508 0.6604
1779440654.3074 -2.2597 13.5299 -0.8034 -0.0107 0.0015 0.7584 0.6518
1779440654.4097 -2.3260 13.8189 -0.8161 -0.0076 0.0018 0.7662 0.6426
1779440654.5082 -2.3811 14.0959 -0.8147 -0.0064 0.0039 0.7739 0.6332
1779440654.6099 -2.4575 14.3839 -0.8287 -0.0010 0.0095 0.7801 0.6256
1779440654.7100 -2.5343 14.6477 -0.8564 0.0032 0.0140 0.7803 0.6252
1779440654.8096 -2.5902 14.9431 -0.8698 0.0062 0.0173 0.7769 0.6293
1779440654.9083 -2.6250 15.2466 -0.8740 0.0069 0.0183 0.7739 0.6330
1779440655.0096 -2.6601 15.5427 -0.9000 0.0087 0.0199 0.7692 0.6386
1779440655.1077 -2.6759 15.8197 -0.9037 0.0070 0.0200 0.7676 0.6406
1779440655.2097 -2.7259 16.1225 -0.9191 0.0068 0.0204 0.7665 0.6419
1779440655.3076 -2.7638 16.4095 -0.9363 0.0070 0.0202 0.7645 0.6443
1779440655.4111 -2.7848 16.7105 -0.9607 0.0066 0.0169 0.7627 0.6465
1779440655.5097 -2.8185 16.9874 -0.9782 0.0047 0.0172 0.7600 0.6497
1779440655.6078 -2.8373 17.2805 -1.0074 0.0045 0.0154 0.7570 0.6532
1779440655.7085 -2.8882 17.5817 -1.0175 0.0029 0.0134 0.7539 0.6569
1779440655.8083 -2.9074 17.8749 -1.0165 -0.0002 0.0117 0.7519 0.6591
1779440655.9075 -2.9480 18.1440 -1.0384 0.0021 0.0082 0.7496 0.6618
1779440656.0076 -2.9715 18.4318 -1.0497 0.0001 0.0075 0.7507 0.6606
1779440656.1066 -3.0136 18.7244 -1.0605 -0.0014 0.0072 0.7557 0.6548
1779440656.2073 -3.0696 19.0250 -1.0800 0.0015 0.0077 0.7585 0.6516
1779440656.3063 -3.1113 19.3098 -1.0841 0.0017 0.0076 0.7608 0.6489
1779440656.4065 -3.1547 19.5947 -1.0966 0.0008 0.0079 0.7621 0.6474
1779440656.5066 -3.1948 19.8836 -1.1080 0.0031 0.0065 0.7623 0.6472
1779440656.6062 -3.2170 20.1627 -1.1121 0.0040 0.0074 0.7631 0.6462
1779440656.7067 -3.2713 20.4521 -1.1296 0.0054 0.0082 0.7621 0.6474
1779440656.8075 -3.3142 20.7342 -1.1424 0.0064 0.0108 0.7624 0.6469
1779440656.9064 -3.3591 20.9884 -1.1590 0.0088 0.0122 0.7618 0.6477
1779440657.0067 -3.4091 21.2914 -1.1575 0.0087 0.0143 0.7620 0.6473
1779440657.1053 -3.4432 21.5636 -1.1760 0.0096 0.0163 0.7625 0.6467
1779440657.2064 -3.4650 21.8418 -1.1845 0.0138 0.0144 0.7625 0.6466
1779440657.3067 -3.5013 22.1271 -1.1827 0.0138 0.0136 0.7608 0.6487
1779440657.4064 -3.5183 22.3954 -1.2188 0.0145 0.0136 0.7561 0.6542
1779440657.5066 -3.5292 22.6733 -1.2198 0.0128 0.0143 0.7515 0.6595
1779440657.7068 -3.5441 23.2382 -1.2420 0.0122 0.0125 0.7418 0.6704
1779440657.8068 -3.5636 23.5403 -1.2502 0.0120 0.0124 0.7373 0.6754
1779440657.9079 -3.5920 23.8140 -1.2727 0.0111 0.0099 0.7353 0.6776
1779440658.0067 -3.6138 24.0956 -1.2757 0.0071 0.0090 0.7355 0.6775
1779440658.2067 -3.6309 24.6727 -1.2983 0.0058 0.0061 0.7337 0.6794
1779440658.3068 -3.6521 24.9524 -1.3042 0.0027 0.0020 0.7328 0.6804
1779440658.4064 -3.6641 25.2187 -1.3228 -0.0001 -0.0007 0.7333 0.6799
1779440658.5065 -3.6764 25.5038 -1.3260 -0.0015 -0.0001 0.7339 0.6793
1779440658.6067 -3.7113 25.7828 -1.3225 -0.0038 -0.0006 0.7375 0.6754
1779440658.7065 -3.7509 26.0683 -1.3378 0.0001 0.0001 0.7408 0.6717
1779440658.8068 -3.7670 26.3516 -1.3476 0.0032 0.0028 0.7445 0.6676
1779440659.0069 -3.8289 26.9123 -1.3659 0.0081 0.0102 0.7519 0.6591
1779440659.3070 -3.9449 27.7521 -1.3896 0.0076 0.0099 0.7448 0.6672
1779440659.4066 -3.9751 28.0103 -1.3981 0.0056 0.0073 0.7420 0.6704
1779440659.5056 -3.9821 28.2727 -1.4137 0.0035 0.0076 0.7390 0.6737
1779440659.6066 -4.0117 28.5189 -1.4042 0.0006 0.0070 0.7379 0.6749
1779440659.7069 -4.0387 28.7990 -1.4267 0.0023 0.0067 0.7375 0.6753
1779440659.8068 -4.0746 29.0724 -1.4538 0.0019 0.0063 0.7392 0.6735
1779440659.9078 -4.0901 29.3637 -1.4555 0.0016 0.0091 0.7416 0.6708
1779440660.0053 -4.1127 29.6291 -1.4890 0.0012 0.0090 0.7430 0.6692
1779440660.1070 -4.1427 29.9015 -1.4897 0.0006 0.0086 0.7449 0.6672
1779440660.2056 -4.1637 30.1888 -1.4911 0.0005 0.0071 0.7451 0.6669
1779440660.3054 -4.2213 30.4645 -1.5005 0.0005 0.0064 0.7459 0.6660
1779440660.4067 -4.2417 30.7383 -1.5289 0.0010 0.0068 0.7466 0.6652
1779440660.5053 -4.2785 30.9963 -1.5414 0.0013 0.0087 0.7464 0.6655
1779440660.6067 -4.2870 31.2894 -1.5422 0.0012 0.0103 0.7473 0.6645
1779440660.7068 -4.3105 31.5771 -1.5647 0.0022 0.0125 0.7475 0.6641
1779440660.8055 -4.3370 31.8534 -1.5713 0.0031 0.0143 0.7478 0.6638
1779440660.9069 -4.3736 32.1431 -1.5955 0.0031 0.0160 0.7481 0.6633
1779440661.0071 -4.3894 32.3887 -1.6086 0.0026 0.0181 0.7466 0.6650
1779440661.2071 -4.4332 32.9014 -1.6371 -0.0007 0.0158 0.7417 0.6705
1779440661.3068 -4.4770 33.1576 -1.6657 -0.0015 0.0132 0.7392 0.6734
1779440661.4079 -4.5188 33.4041 -1.6689 -0.0062 0.0116 0.7368 0.6760
1779440661.5081 -4.5279 33.6785 -1.7064 -0.0074 0.0093 0.7357 0.6772
1779440661.6080 -4.5565 33.9313 -1.7084 -0.0100 0.0101 0.7389 0.6736
1779440661.7082 -4.6033 34.1776 -1.7261 -0.0084 0.0113 0.7434 0.6687
1779440661.8104 -4.6375 34.4602 -1.7426 -0.0058 0.0151 0.7455 0.6664
1779440661.9072 -4.6603 34.7507 -1.7526 0.0008 0.0137 0.7480 0.6636
1779440662.0073 -4.6913 35.0454 -1.7127 0.0067 0.0126 0.7485 0.6630
1779440662.1070 -4.7536 35.3267 -1.7157 0.0179 0.0002 0.7474 0.6641
1779440662.2056 -4.7633 35.6511 -1.6956 0.0347 -0.0166 0.7420 0.6693
1779440662.3053 -4.7565 35.8925 -1.6803 0.0291 -0.0179 0.7402 0.6715
1779440662.4052 -4.8094 36.2012 -1.6750 0.0409 -0.0319 0.7400 0.6706
1779440662.5056 -4.7870 36.4689 -1.6122 0.0396 -0.0298 0.7398 0.6710
1779440662.6055 -4.8388 36.6901 -1.6237 0.0391 -0.0296 0.7411 0.6696
1779440662.7051 -4.8646 36.9435 -1.5837 0.0630 -0.0430 0.7401 0.6682
1779440662.8040 -4.8946 37.1378 -1.5717 0.0683 -0.0461 0.7404 0.6671
1779440662.9040 -4.9129 37.3752 -1.5209 0.0607 -0.0336 0.7419 0.6669
1779440663.0041 -4.9063 37.5972 -1.5539 0.0609 -0.0328 0.7419 0.6670
1779440663.1032 -4.9156 37.8419 -1.5442 0.0645 -0.0337 0.7405 0.6682
1779440663.2035 -4.9030 38.0901 -1.5318 0.0575 -0.0307 0.7374 0.6723
1779440663.3042 -4.8855 38.2717 -1.4993 0.0502 -0.0246 0.7310 0.6801
1779440663.4034 -4.8926 38.4382 -1.4776 0.0495 -0.0279 0.7251 0.6863
1779440663.5040 -4.8957 38.6446 -1.4659 0.0456 -0.0291 0.7187 0.6932
1779440663.6041 -4.8951 38.8586 -1.5255 0.0403 -0.0351 0.7149 0.6971
1779440663.7041 -4.9279 39.0903 -1.4256 0.0313 -0.0374 0.7157 0.6967
1779440663.8039 -4.9302 39.2832 -1.4058 0.0300 -0.0375 0.7209 0.6914
1779440663.9026 -4.9932 39.4666 -1.3796 0.0346 -0.0400 0.7298 0.6816
1779440664.0033 -5.0037 39.7009 -1.4062 0.0411 -0.0390 0.7346 0.6761
1779440664.2024 -5.0188 40.1396 -1.4509 0.0466 -0.0297 0.7397 0.6707
1779440664.3034 -5.0524 40.3763 -1.4241 0.0470 -0.0267 0.7390 0.6715
1779440664.4021 -5.0582 40.5927 -1.2651 0.0418 -0.0232 0.7381 0.6730
1779440664.5031 -5.0492 40.8253 -1.3074 0.0458 -0.0270 0.7308 0.6805
1779440664.6041 -5.0557 41.0102 -1.3213 0.0433 -0.0336 0.7280 0.6834
1779440664.7034 -5.0714 41.2458 -1.4187 0.0433 -0.0370 0.7270 0.6842
1779440664.8035 -5.1448 41.4689 -1.4161 0.0388 -0.0383 0.7308 0.6804
1779440664.9036 -5.1319 41.7102 -1.3522 0.0363 -0.0371 0.7383 0.6725
1779440665.0024 -5.1548 41.9136 -1.3161 0.0361 -0.0351 0.7422 0.6682
1779440665.1037 -5.1881 42.1322 -1.2770 0.0422 -0.0351 0.7453 0.6645
1779440665.2023 -5.2015 42.3456 -1.2323 0.0463 -0.0321 0.7458 0.6638
1779440665.3034 -5.2434 42.5555 -1.3331 0.0500 -0.0322 0.7468 0.6624
1779440665.4021 -5.2234 42.7984 -1.3286 0.0508 -0.0273 0.7435 0.6663
1779440665.6035 -5.2263 43.2327 -1.3048 0.0445 -0.0282 0.7371 0.6737
1779440665.7023 -5.2635 43.4400 -1.2760 0.0435 -0.0338 0.7330 0.6780
1779440665.8025 -5.3024 43.6444 -1.2333 0.0415 -0.0392 0.7317 0.6792
1779440665.9037 -5.2982 43.8761 -1.2646 0.0400 -0.0435 0.7326 0.6781
1779440666.0035 -5.3753 44.0657 -1.2183 0.0334 -0.0456 0.7377 0.6728
1779440666.1024 -5.4123 44.2868 -1.2301 0.0333 -0.0448 0.7431 0.6669
1779440666.2013 -5.4874 44.4800 -1.2712 0.0332 -0.0425 0.7510 0.6581
1779440666.3025 -5.5459 44.6866 -1.2288 0.0284 -0.0326 0.7599 0.6486
1779440666.4026 -5.6159 44.8703 -1.2752 0.0267 -0.0237 0.7659 0.6420
1779440666.5027 -5.6580 45.0708 -1.3200 0.0232 -0.0151 0.7720 0.6350
1779440666.6036 -5.6852 45.2565 -1.3075 0.0207 -0.0038 0.7731 0.6339
1779440666.7038 -5.7110 45.4556 -1.3189 0.0140 0.0055 0.7735 0.6336
1779440666.8025 -5.7227 45.6636 -1.2917 0.0076 0.0144 0.7735 0.6336
1779440667.0035 -5.7656 46.0518 -1.2350 0.0043 0.0180 0.7682 0.6400
1779440667.2014 -5.7907 46.4402 -1.2596 0.0017 0.0155 0.7624 0.6469
1779440667.3027 -5.8261 46.6517 -1.2580 0.0003 0.0132 0.7597 0.6501
1779440667.4027 -5.8620 46.8398 -1.3082 -0.0004 0.0095 0.7583 0.6518
1779440667.6037 -5.9189 47.2474 -1.3434 -0.0025 0.0094 0.7587 0.6513
1779440667.7038 -5.9673 47.4617 -1.2548 -0.0047 0.0114 0.7613 0.6483
1779440667.8025 -5.9858 47.6617 -1.2787 -0.0018 0.0130 0.7634 0.6458
1779440667.9027 -6.0390 47.8728 -1.3822 0.0009 0.0131 0.7642 0.6448
1779440668.0038 -6.0556 48.0917 -1.3716 0.0009 0.0135 0.7654 0.6434
1779440668.1027 -6.0850 48.2757 -1.3443 0.0012 0.0152 0.7644 0.6445
1779440668.2028 -6.1077 48.4824 -1.4000 0.0035 0.0139 0.7638 0.6452
1779440668.3027 -6.1353 48.7114 -1.3882 0.0019 0.0174 0.7626 0.6467
1779440668.4044 -6.1507 48.9118 -1.3890 0.0025 0.0180 0.7602 0.6494
1779440668.5039 -6.1786 49.1075 -1.4210 0.0029 0.0167 0.7566 0.6536
1779440668.6039 -6.2002 49.3069 -1.5162 0.0043 0.0136 0.7527 0.6582
1779440668.7036 -6.1978 49.5213 -1.4445 -0.0005 0.0138 0.7500 0.6612
1779440668.8047 -6.2105 49.7143 -1.6074 -0.0018 0.0123 0.7475 0.6642
1779440668.9036 -6.2298 49.8879 -1.7119 -0.0083 0.0141 0.7467 0.6650
1779440669.0044 -6.2452 50.0704 -1.7632 -0.0167 0.0188 0.7471 0.6643
1779440669.1039 -6.2723 50.2500 -1.7354 -0.0273 0.0272 0.7483 0.6622
1779440669.2047 -6.3276 50.4168 -1.7391 -0.0341 0.0340 0.7510 0.6586
1779440669.3047 -6.3368 50.5827 -1.8135 -0.0375 0.0387 0.7541 0.6545
1779440669.4059 -6.3705 50.7502 -1.7655 -0.0438 0.0472 0.7571 0.6502
1779440669.6046 -6.4623 51.1322 -1.7940 -0.0428 0.0511 0.7631 0.6429
1779440669.7059 -6.5144 51.3282 -1.8081 -0.0413 0.0539 0.7647 0.6408
1779440669.8060 -6.5228 51.5264 -1.8159 -0.0413 0.0566 0.7640 0.6414
1779440669.9047 -6.5411 51.7202 -1.8762 -0.0402 0.0552 0.7625 0.6433
1779440670.0062 -6.5721 51.9279 -1.9360 -0.0392 0.0540 0.7609 0.6454
1779440670.1048 -6.5899 52.1335 -1.9865 -0.0390 0.0529 0.7589 0.6478
1779440670.2059 -6.6219 52.3247 -1.9739 -0.0415 0.0547 0.7574 0.6494
1779440670.3062 -6.6353 52.5213 -2.0226 -0.0402 0.0542 0.7561 0.6509
1779440670.4061 -6.6707 52.7208 -2.0577 -0.0405 0.0551 0.7555 0.6515
1779440670.5062 -6.6946 52.9192 -2.1057 -0.0391 0.0554 0.7549 0.6523
1779440670.6063 -6.7094 53.1347 -2.1295 -0.0389 0.0563 0.7540 0.6533
1779440670.7062 -6.7303 53.3379 -2.1492 -0.0387 0.0565 0.7522 0.6554
1779440670.8065 -6.7451 53.5447 -2.1982 -0.0384 0.0563 0.7490 0.6591
1779440670.9078 -6.7733 53.7305 -2.2398 -0.0397 0.0571 0.7461 0.6622
1779440671.0068 -6.7873 53.9368 -2.2512 -0.0409 0.0569 0.7438 0.6647
1779440671.1061 -6.7830 54.1354 -2.3094 -0.0397 0.0542 0.7414 0.6677
1779440671.3081 -6.8234 54.5244 -2.3732 -0.0422 0.0537 0.7354 0.6742
1779440671.4068 -6.8207 54.7297 -2.4114 -0.0429 0.0524 0.7330 0.6769
1779440671.5077 -6.8193 54.9053 -2.4606 -0.0429 0.0494 0.7315 0.6787
1779440671.6082 -6.8375 55.0963 -2.4876 -0.0444 0.0484 0.7313 0.6789
1779440671.7068 -6.8574 55.2865 -2.4950 -0.0463 0.0489 0.7310 0.6791
1779440671.8064 -6.8627 55.4467 -2.5362 -0.0466 0.0474 0.7326 0.6774
1779440671.9080 -6.8889 55.6031 -2.6069 -0.0439 0.0449 0.7357 0.6744
1779440672.0066 -6.9036 55.7743 -2.6197 -0.0447 0.0468 0.7386 0.6711
1779440672.2090 -6.9696 56.0969 -2.6477 -0.0418 0.0489 0.7483 0.6603
1779440672.3113 -6.9797 56.2575 -2.6687 -0.0406 0.0505 0.7518 0.6562
1779440672.4101 -7.0195 56.4285 -2.7092 -0.0391 0.0512 0.7560 0.6514
1779440672.5093 -7.0126 56.5569 -2.7195 -0.0394 0.0532 0.7549 0.6525
1779440672.6093 -7.0523 56.7115 -2.7182 -0.0406 0.0538 0.7526 0.6550
1779440672.7115 -7.0570 56.8665 -2.7582 -0.0397 0.0510 0.7505 0.6577
1779440672.8091 -7.0768 57.0057 -2.8984 -0.0381 0.0462 0.7484 0.6606
1779440672.9102 -7.0824 57.1464 -2.9535 -0.0481 0.0535 0.7473 0.6606
1779440673.0101 -7.0994 57.2692 -3.0001 -0.0593 0.0608 0.7471 0.6592
1779440673.1122 -7.1286 57.3838 -3.0525 -0.0702 0.0678 0.7463 0.6584
1779440673.2118 -7.1311 57.5184 -3.0276 -0.0825 0.0786 0.7459 0.6562
1779440673.3119 -7.1724 57.6723 -2.9918 -0.0861 0.0818 0.7452 0.6562
1779440673.4122 -7.1829 57.8208 -2.9956 -0.0801 0.0740 0.7461 0.6568
1779440673.5117 -7.2235 58.0019 -2.9727 -0.0753 0.0687 0.7522 0.6510
1779440673.6101 -7.2499 58.2254 -2.8626 -0.0634 0.0603 0.7574 0.6470
1779440673.7100 -7.2996 58.3719 -2.7438 -0.0462 0.0487 0.7616 0.6446
1779440673.8091 -7.3562 58.5191 -2.8253 -0.0225 0.0239 0.7645 0.6437
1779440673.9094 -7.3895 58.7065 -2.9982 -0.0089 0.0073 0.7664 0.6422
1779440674.0102 -7.4287 58.8680 -3.0264 -0.0099 0.0050 0.7694 0.6386
1779440674.1095 -7.4734 59.0250 -2.9992 -0.0125 0.0063 0.7727 0.6346
1779440674.2093 -7.5069 59.1647 -3.0198 -0.0128 0.0041 0.7772 0.6292
1779440674.3068 -7.5822 59.3216 -3.0312 -0.0127 0.0031 0.7838 0.6209
1779440674.4067 -7.6540 59.4819 -3.0548 -0.0126 -0.0018 0.7889 0.6144
1779440674.5067 -7.6957 59.6246 -3.0604 -0.0165 -0.0062 0.7969 0.6038
1779440674.6052 -7.7468 59.7629 -3.0457 -0.0207 -0.0096 0.8047 0.5932
1779440674.7064 -7.8902 59.9165 -3.0897 -0.0213 -0.0165 0.8118 0.5833
1779440674.8064 -8.0119 60.0762 -3.1361 -0.0210 -0.0233 0.8208 0.5703
1779440674.9046 -8.1214 60.2553 -3.1591 -0.0212 -0.0266 0.8325 0.5530
1779440675.0052 -8.2496 60.3082 -3.1112 -0.0246 -0.0242 0.8488 0.5275
1779440675.1052 -8.3742 60.3963 -3.0413 -0.0247 -0.0180 0.8663 0.4986
1779440675.2068 -8.5353 60.4936 -3.0058 -0.0193 -0.0112 0.8831 0.4687
1779440675.3067 -8.7122 60.6086 -2.9834 -0.0120 -0.0066 0.8993 0.4371
1779440675.4067 -8.9027 60.7522 -3.0294 0.0019 -0.0037 0.9109 0.4125
1779440675.5082 -9.0881 60.9076 -3.0083 0.0065 -0.0005 0.9201 0.3915
1779440675.6083 -9.2418 61.0147 -3.0848 0.0153 -0.0029 0.9243 0.3814
1779440675.7072 -9.3793 61.1457 -3.0946 0.0190 -0.0023 0.9279 0.3723
1779440675.8095 -9.5640 61.2893 -3.0737 0.0185 -0.0045 0.9323 0.3612
1779440675.9086 -9.7803 61.4148 -3.0991 0.0234 -0.0095 0.9343 0.3556
1779440676.0093 -9.9247 61.5139 -3.0808 0.0211 -0.0112 0.9368 0.3491
1779440676.2084 -10.3028 61.7670 -3.0891 0.0167 -0.0146 0.9422 0.3342
1779440676.3085 -10.4753 61.8960 -3.0873 0.0171 -0.0127 0.9454 0.3252
1779440676.4070 -10.6805 61.9734 -3.0664 0.0164 -0.0122 0.9471 0.3202
1779440676.5070 -10.9053 62.1352 -3.0620 0.0215 -0.0152 0.9505 0.3097
1779440676.6067 -11.1226 62.2489 -3.0727 0.0264 -0.0168 0.9530 0.3012
1779440676.7045 -11.3109 62.3760 -3.0819 0.0265 -0.0190 0.9557 0.2927
1779440676.8036 -11.5253 62.5389 -3.0593 0.0267 -0.0204 0.9590 0.2813
1779440677.0035 -11.9802 62.6985 -3.0283 0.0269 -0.0300 0.9662 0.2545
1779440677.2024 -12.4190 62.7982 -3.0313 0.0300 -0.0432 0.9736 0.2220
1779440677.3037 -12.7061 62.8310 -3.0132 0.0259 -0.0474 0.9783 0.2002
1779440677.4034 -12.9539 62.8482 -2.9665 0.0268 -0.0473 0.9827 0.1768
1779440677.5045 -13.2220 62.8778 -2.9381 0.0310 -0.0403 0.9870 0.1523
1779440677.6048 -13.5049 62.9162 -2.9201 0.0364 -0.0325 0.9911 0.1242
1779440677.7054 -13.7867 62.9372 -2.9147 0.0398 -0.0218 0.9941 0.0982
1779440677.8049 -14.0296 62.9565 -2.8923 0.0409 -0.0091 0.9964 0.0735
1779440678.0035 -14.5742 62.9972 -2.8432 0.0451 0.0064 0.9978 0.0478
1779440678.2019 -15.0425 63.1240 -2.8480 0.0519 0.0070 0.9974 0.0494
1779440678.3037 -15.3324 63.1769 -2.8116 0.0485 0.0054 0.9974 0.0533
1779440678.4055 -15.6061 63.2338 -2.8063 0.0443 0.0053 0.9975 0.0552
1779440678.5049 -15.8421 63.2665 -2.7957 0.0477 0.0063 0.9971 0.0585
1779440678.6054 -16.1052 63.2922 -2.7691 0.0437 0.0069 0.9973 0.0580
1779440678.8069 -16.6269 63.3643 -2.7572 0.0472 0.0088 0.9973 0.0555
1779440678.9073 -16.9315 63.4027 -2.7187 0.0419 0.0077 0.9978 0.0518
1779440679.0056 -17.2067 63.4495 -2.7159 0.0429 0.0035 0.9979 0.0477
1779440679.2048 -17.6285 63.4450 -2.6901 0.0464 -0.0047 0.9981 0.0415
1779440679.3049 -17.9367 63.4419 -2.6662 0.0459 -0.0075 0.9983 0.0362
1779440679.4067 -18.2381 63.4174 -2.6551 0.0440 -0.0090 0.9987 0.0255
1779440679.6047 -18.7460 63.3745 -2.6167 0.0452 -0.0042 0.9990 0.0033
1779440679.8026 -19.3073 63.3546 -2.5621 0.0439 0.0059 0.9988 -0.0191
1779440679.9027 -19.6012 63.3052 -2.5609 0.0478 0.0103 0.9984 -0.0284
1779440680.0027 -19.8797 63.2827 -2.5296 0.0439 0.0159 0.9981 -0.0394
1779440680.1019 -20.1398 63.2566 -2.5135 0.0463 0.0219 0.9976 -0.0467
1779440680.2036 -20.3986 63.3264 -2.5603 0.0530 0.0231 0.9973 -0.0454
1779440680.3037 -20.5615 63.3029 -2.5350 0.0486 0.0245 0.9981 -0.0296
1779440680.4048 -20.8790 63.3100 -2.5020 0.0452 0.0221 0.9985 -0.0193
1779440680.5039 -21.1487 63.3027 -2.4615 0.0437 0.0194 0.9988 -0.0129
1779440680.6026 -21.4350 63.2807 -2.4432 0.0445 0.0209 0.9987 -0.0100
1779440680.8040 -21.8873 63.2267 -2.4348 0.0461 0.0271 0.9985 -0.0137
1779440680.9038 -22.2701 63.2613 -2.4130 0.0472 0.0285 0.9983 -0.0166
1779440681.0041 -22.5172 63.2819 -2.3936 0.0495 0.0281 0.9983 -0.0157
1779440681.1039 -22.7988 63.3093 -2.3807 0.0489 0.0292 0.9983 -0.0121
1779440681.2050 -23.0757 63.3312 -2.3557 0.0481 0.0275 0.9984 -0.0096
1779440681.3049 -23.3442 63.3310 -2.3621 0.0446 0.0285 0.9986 -0.0056
1779440681.4049 -23.6398 63.3460 -2.3339 0.0420 0.0310 0.9986 -0.0004
1779440681.5051 -23.9502 63.3650 -2.3116 0.0478 0.0324 0.9983 0.0051
1779440681.6040 -24.2553 63.3861 -2.2902 0.0473 0.0358 0.9982 0.0107
1779440681.7053 -24.5898 63.4015 -2.2737 0.0481 0.0375 0.9979 0.0213
1779440681.8053 -24.8730 63.4408 -2.2663 0.0495 0.0345 0.9977 0.0317
1779440681.9052 -25.1099 63.4676 -2.2481 0.0449 0.0310 0.9978 0.0390
1779440682.0071 -25.3992 63.4955 -2.2130 0.0445 0.0249 0.9975 0.0481
1779440682.1049 -25.6910 63.5673 -2.2279 0.0473 0.0179 0.9971 0.0571
1779440682.2051 -25.9895 63.6059 -2.1850 0.0443 0.0084 0.9969 0.0644
1779440682.3050 -26.2855 63.6399 -2.1826 0.0398 0.0015 0.9968 0.0687
1779440682.4041 -26.5596 63.6484 -2.1670 0.0409 -0.0054 0.9970 0.0650
1779440682.5041 -26.8407 63.6371 -2.1655 0.0437 -0.0075 0.9975 0.0550
1779440682.6053 -27.1256 63.6405 -2.1270 0.0448 -0.0045 0.9979 0.0455
1779440682.7041 -27.4420 63.6317 -2.1124 0.0449 -0.0018 0.9985 0.0316
1779440682.8052 -27.7084 63.6391 -2.1024 0.0459 0.0027 0.9988 0.0194
1779440682.9058 -27.9644 63.6241 -2.0682 0.0477 0.0035 0.9988 0.0094
1779440683.0050 -28.2412 63.6732 -2.0436 0.0503 0.0040 0.9987 0.0060
1779440683.2042 -28.7923 63.7092 -2.0049 0.0503 -0.0013 0.9987 0.0018
1779440683.4050 -29.3781 63.6442 -1.9719 0.0451 0.0032 0.9990 -0.0064
1779440683.5059 -29.6999 63.6730 -1.9457 0.0477 0.0089 0.9988 -0.0120
1779440683.6059 -30.0150 63.6715 -1.9444 0.0495 0.0147 0.9985 -0.0173
1779440683.8043 -30.5537 63.5855 -1.9171 0.0474 0.0160 0.9984 -0.0254
1779440683.9059 -30.8547 63.5589 -1.9161 0.0494 0.0161 0.9983 -0.0265
1779440684.0053 -31.1182 63.5578 -1.8661 0.0489 0.0170 0.9984 -0.0243
1779440684.1062 -31.4156 63.5616 -1.8540 0.0489 0.0166 0.9984 -0.0228
1779440684.2050 -31.7163 63.5533 -1.8390 0.0475 0.0202 0.9985 -0.0204
1779440684.3053 -31.9978 63.5477 -1.8003 0.0445 0.0239 0.9986 -0.0176
1779440684.4059 -32.3345 63.5837 -1.7903 0.0465 0.0267 0.9984 -0.0170
1779440684.6059 -32.8341 63.5921 -1.7844 0.0441 0.0312 0.9985 -0.0129
1779440684.7062 -33.2314 63.6058 -1.7373 0.0448 0.0302 0.9985 -0.0108
1779440684.8053 -33.5128 63.5997 -1.7274 0.0412 0.0301 0.9987 -0.0052
1779440684.9063 -33.8070 63.6189 -1.7372 0.0498 0.0275 0.9984 0.0058
1779440685.0061 -34.1289 63.6271 -1.7037 0.0490 0.0236 0.9984 0.0148
1779440685.1106 -34.4250 63.6628 -1.6753 0.0471 0.0179 0.9985 0.0209
1779440685.2055 -34.7107 63.6684 -1.6693 0.0496 0.0107 0.9983 0.0269
1779440685.3054 -34.9898 63.7007 -1.6465 0.0458 0.0115 0.9986 0.0254
1779440685.4074 -35.3033 63.7093 -1.6203 0.0425 0.0105 0.9987 0.0259
1779440685.5062 -35.5635 63.7225 -1.6286 0.0414 0.0112 0.9988 0.0223
1779440685.6051 -35.8787 63.7375 -1.6063 0.0471 0.0113 0.9987 0.0164
1779440685.7041 -36.1922 63.7274 -1.5983 0.0457 0.0169 0.9987 0.0122
1779440685.8033 -36.4434 63.6921 -1.5898 0.0453 0.0092 0.9989 0.0100
1779440686.0054 -37.0514 63.7222 -1.5197 0.0467 0.0053 0.9989 0.0056
1779440686.1061 -37.3580 63.7082 -1.5020 0.0427 0.0008 0.9991 0.0041
1779440686.2075 -37.6690 63.7096 -1.4943 0.0476 0.0022 0.9989 0.0006
1779440686.4074 -38.2127 63.7278 -1.4617 0.0475 0.0069 0.9988 -0.0099
1779440686.5063 -38.5422 63.7001 -1.4397 0.0486 0.0090 0.9985 -0.0230
1779440686.6055 -38.8034 63.6651 -1.4307 0.0473 0.0121 0.9982 -0.0351
1779440686.7046 -39.1017 63.6163 -1.4045 0.0456 0.0147 0.9979 -0.0437
1779440686.8033 -39.3915 63.5794 -1.3971 0.0483 0.0150 0.9977 -0.0456
1779440687.0026 -39.9609 63.5643 -1.3555 0.0430 0.0163 0.9982 -0.0394
1779440687.1032 -40.2442 63.5418 -1.3521 0.0425 0.0198 0.9982 -0.0378
1779440687.2044 -40.5468 63.5752 -1.3077 0.0439 0.0218 0.9981 -0.0373
1779440687.3025 -40.8214 63.5501 -1.3055 0.0454 0.0270 0.9980 -0.0348
1779440687.4027 -41.1048 63.5409 -1.2916 0.0454 0.0283 0.9980 -0.0338
1779440687.5027 -41.4143 63.5566 -1.2616 0.0443 0.0296 0.9980 -0.0348
1779440687.6015 -41.6960 63.5516 -1.2712 0.0464 0.0295 0.9980 -0.0325
1779440687.7027 -42.0039 63.5370 -1.2510 0.0462 0.0297 0.9981 -0.0290
1779440687.8026 -42.2722 63.5253 -1.2297 0.0457 0.0293 0.9982 -0.0272
1779440687.9026 -42.5861 63.5365 -1.2253 0.0458 0.0322 0.9981 -0.0251
1779440688.0034 -42.8764 63.5434 -1.2002 0.0441 0.0357 0.9982 -0.0205
1779440688.1033 -43.1593 63.5591 -1.1663 0.0455 0.0363 0.9982 -0.0151
1779440688.2062 -43.4684 63.6165 -1.1580 0.0487 0.0389 0.9980 -0.0026
1779440688.4056 -44.0159 63.6970 -1.1536 0.0479 0.0329 0.9981 0.0184
1779440688.5059 -44.3083 63.7211 -1.1278 0.0440 0.0269 0.9983 0.0280
1779440688.6077 -44.6079 63.7281 -1.1201 0.0469 0.0166 0.9981 0.0375
1779440688.7077 -44.8716 63.7398 -1.1003 0.0461 0.0054 0.9980 0.0437
1779440688.8059 -45.1591 63.7514 -1.0711 0.0449 -0.0023 0.9982 0.0389
1779440689.0058 -45.7127 63.7342 -1.0360 0.0457 0.0019 0.9988 0.0178
1779440689.2078 -46.3012 63.7473 -1.0062 0.0501 0.0121 0.9987 -0.0056
1779440689.3048 -46.5931 63.7445 -1.0027 0.0483 0.0201 0.9986 -0.0104
1779440689.4025 -46.8563 63.7485 -0.9867 0.0452 0.0200 0.9987 -0.0160
1779440689.6029 -47.4188 63.7910 -0.9398 0.0501 0.0157 0.9986 -0.0049
1779440689.7036 -47.7055 63.7932 -0.9130 0.0466 0.0127 0.9988 -0.0056
1779440689.8047 -48.0100 63.7789 -0.9033 0.0461 0.0126 0.9988 -0.0044
1779440689.9049 -48.2972 63.7536 -0.8897 0.0446 0.0123 0.9989 -0.0067
1779440690.0036 -48.5956 63.7694 -0.8681 0.0416 0.0146 0.9990 -0.0105
1779440690.1057 -48.8604 63.7560 -0.8551 0.0431 0.0170 0.9988 -0.0130
1779440690.2048 -49.1562 63.7448 -0.8373 0.0465 0.0205 0.9986 -0.0150
1779440690.3067 -49.4457 63.7291 -0.8130 0.0440 0.0215 0.9986 -0.0177
1779440690.4047 -49.7260 63.7191 -0.7966 0.0452 0.0242 0.9985 -0.0205
1779440690.5058 -50.0383 63.7078 -0.7921 0.0461 0.0249 0.9984 -0.0201
1779440690.6047 -50.3543 63.7021 -0.7813 0.0458 0.0243 0.9984 -0.0209
1779440690.7029 -50.6407 63.6908 -0.7597 0.0407 0.0271 0.9986 -0.0192
