1779439292.2085 0.0000 0.0000 0.0000 0.0000 0.0000 0.0000 1.0000
1779439292.3065 0.5124 0.0561 0.0153 -0.0019 -0.0049 0.0248 0.9997
1779439292.4066 1.0284 0.1268 0.0027 0.0041 -0.0109 0.0459 0.9989
1779439292.5051 1.5571 0.2124 -0.0294 0.0097 -0.0162 0.0652 0.9977
1779439292.6046 2.0642 0.3233 0.0087 0.0111 -0.0155 0.0794 0.9967
1779439292.7064 2.5832 0.4372 0.0353 0.0101 -0.0171 0.0918 0.9956
1779439292.8053 3.1040 0.5710 0.0314 0.0086 -0.0215 0.1049 0.9942
1779439292.9045 3.6219 0.7146 0.0329 0.0109 -0.0257 0.1203 0.9923
1779439293.0035 4.1198 0.8910 0.0493 0.0142 -0.0279 0.1394 0.9897
1779439293.1027 4.6051 1.0857 0.0401 0.0234 -0.0322 0.1572 0.9868
1779439293.2050 5.0909 1.2760 0.0928 0.0353 -0.0327 0.1727 0.9838
1779439293.3047 5.5652 1.5122 0.0518 0.0513 -0.0349 0.1863 0.9805
1779439293.4054 6.0209 1.6995 0.1108 0.0660 -0.0300 0.1948 0.9782
1779439293.5051 6.4951 1.9079 0.1560 0.0801 -0.0269 0.2005 0.9760
1779439293.6064 6.9611 2.1189 0.2179 0.0891 -0.0258 0.2009 0.9752
1779439293.7065 7.4536 2.2873 0.3024 0.0960 -0.0250 0.1959 0.9756
1779439293.8073 7.9451 2.4682 0.3330 0.0960 -0.0264 0.1874 0.9772
1779439294.0066 8.9663 2.7468 0.3772 0.0893 -0.0245 0.1704 0.9810
1779439294.1074 9.4455 2.9155 0.3814 0.0870 -0.0232 0.1677 0.9817
1779439294.2063 9.9718 3.0307 0.4511 0.0861 -0.0254 0.1691 0.9815
1779439294.3066 10.4600 3.2400 0.4376 0.0910 -0.0337 0.1759 0.9796
1779439294.4075 10.9353 3.4486 0.3890 0.1062 -0.0349 0.1769 0.9779
1779439294.5074 11.3886 3.6229 0.4285 0.1055 -0.0294 0.1799 0.9776
1779439294.6075 11.8491 3.7658 0.5010 0.1049 -0.0169 0.1732 0.9791
1779439294.7086 12.3618 3.8762 0.5354 0.1015 -0.0166 0.1706 0.9800
1779439294.8069 12.8353 4.0650 0.5050 0.0993 -0.0200 0.1697 0.9803
1779439294.9086 13.3252 4.1968 0.5745 0.1005 -0.0170 0.1685 0.9804
1779439295.0095 13.7923 4.3794 0.5342 0.1021 -0.0203 0.1708 0.9798
1779439295.1095 14.2655 4.5536 0.5428 0.1121 -0.0192 0.1666 0.9794
1779439295.2096 14.7657 4.6696 0.5870 0.1156 -0.0158 0.1640 0.9795
1779439295.3077 15.2356 4.8116 0.5727 0.1228 -0.0162 0.1542 0.9803
1779439295.4085 15.7368 4.9322 0.6341 0.1265 -0.0138 0.1437 0.9814
1779439295.5094 16.2400 5.0392 0.6015 0.1292 -0.0140 0.1355 0.9822
1779439295.7067 17.2414 5.2286 0.6418 0.1373 -0.0124 0.1248 0.9826
1779439295.8092 17.7461 5.3222 0.6153 0.1426 -0.0110 0.1135 0.9832
1779439295.9083 18.2417 5.3702 0.6379 0.1446 -0.0094 0.1003 0.9843
1779439296.0081 18.7226 5.4197 0.6309 0.1420 -0.0082 0.0862 0.9861
1779439296.1074 19.1894 5.4494 0.6192 0.1404 -0.0051 0.0675 0.9878
1779439296.2076 19.6341 5.4923 0.6174 0.1331 -0.0017 0.0582 0.9894
1779439296.3073 20.0850 5.5163 0.5945 0.1295 -0.0034 0.0455 0.9905
1779439296.5067 20.9530 5.5599 0.5520 0.1242 -0.0010 0.0300 0.9918
1779439296.7074 21.7915 5.5312 0.5752 0.1250 0.0019 0.0179 0.9920
1779439296.8075 22.1998 5.4885 0.5503 0.1278 -0.0026 0.0067 0.9918
1779439296.9082 22.5821 5.4535 0.5075 0.1271 -0.0066 -0.0063 0.9918
1779439297.0101 22.9669 5.3661 0.5147 0.1252 -0.0005 -0.0210 0.9919
1779439297.2076 23.7027 5.2356 0.4955 0.1142 0.0030 -0.0534 0.9920
1779439297.3083 24.0741 5.1951 0.4524 0.1085 0.0000 -0.0669 0.9918
1779439297.4048 24.4612 5.0934 0.5521 0.1018 -0.0095 -0.0726 0.9921
1779439297.6064 25.1508 4.9979 0.4951 0.1010 0.0064 -0.0733 0.9922
1779439297.7067 25.4768 4.9781 0.2745 0.1024 0.0096 -0.0770 0.9917
1779439297.8067 25.8328 4.8680 0.4090 0.1006 0.0132 -0.0779 0.9918
1779439297.9066 26.1704 4.8315 0.2593 0.1035 0.0011 -0.0856 0.9909
1779439298.0073 26.5320 4.7411 0.2739 0.1074 -0.0024 -0.0929 0.9899
1779439298.1074 26.8723 4.6420 0.2749 0.1124 0.0053 -0.0964 0.9890
1779439298.3072 27.5254 4.3560 0.2193 0.1188 0.0043 -0.1190 0.9858
1779439298.4071 27.8460 4.1812 0.1423 0.1164 0.0033 -0.1426 0.9829
1779439298.5064 28.1374 4.0460 0.1321 0.1099 0.0099 -0.1652 0.9801
1779439298.6062 28.4407 3.9045 0.0939 0.1012 0.0101 -0.1855 0.9774
1779439298.7062 28.7494 3.7728 0.0842 0.0934 0.0145 -0.2007 0.9751
1779439298.8065 29.0541 3.6400 0.0325 0.0804 0.0160 -0.2070 0.9749
1779439298.9062 29.3680 3.4986 0.0104 0.0729 0.0212 -0.2143 0.9738
1779439299.0062 29.6866 3.3573 -0.0312 0.0659 0.0227 -0.2136 0.9744
1779439299.1049 30.0275 3.2358 -0.0780 0.0607 0.0238 -0.2095 0.9756
1779439299.2053 30.3604 3.1013 -0.1322 0.0617 0.0215 -0.2069 0.9762
1779439299.3060 30.6975 3.0046 -0.1567 0.0625 0.0187 -0.1940 0.9788
1779439299.4065 31.0207 2.8937 -0.2266 0.0682 0.0140 -0.1852 0.9802
1779439299.5072 31.3507 2.7648 -0.2322 0.0738 0.0132 -0.1785 0.9811
1779439299.6064 31.6737 2.6089 -0.2714 0.0765 0.0133 -0.1798 0.9806
1779439299.7072 31.9927 2.4574 -0.2735 0.0793 0.0165 -0.1884 0.9788
1779439299.8081 32.3063 2.3319 -0.3276 0.0772 0.0168 -0.1889 0.9788
1779439299.9072 32.6288 2.1894 -0.3634 0.0768 0.0164 -0.1908 0.9785
1779439300.0066 32.9414 2.0436 -0.3803 0.0762 0.0160 -0.1913 0.9784
1779439300.1066 33.2723 1.9242 -0.4216 0.0749 0.0163 -0.1886 0.9791
1779439300.2125 33.5932 1.7730 -0.4724 0.0752 0.0165 -0.1887 0.9790
1779439300.4047 34.2557 1.4882 -0.5388 0.0711 0.0205 -0.1916 0.9787
1779439300.6061 34.8910 1.1847 -0.5945 0.0607 0.0256 -0.2032 0.9769
1779439300.7047 35.2131 1.0326 -0.6616 0.0530 0.0263 -0.2040 0.9772
1779439300.8046 35.5645 0.9156 -0.7092 0.0509 0.0264 -0.1988 0.9784
1779439300.9063 35.8904 0.7888 -0.7454 0.0508 0.0261 -0.1868 0.9807
1779439301.0046 36.2413 0.6804 -0.7928 0.0560 0.0221 -0.1777 0.9822
1779439301.1044 36.5995 0.5750 -0.8209 0.0608 0.0196 -0.1665 0.9840
1779439301.2047 36.9381 0.4881 -0.8535 0.0684 0.0173 -0.1541 0.9855
1779439301.3062 37.3095 0.4090 -0.8978 0.0792 0.0144 -0.1462 0.9860
1779439301.4060 37.6572 0.2845 -0.9261 0.0867 0.0150 -0.1414 0.9860
1779439301.5063 38.0140 0.1294 -0.9648 0.0924 0.0162 -0.1486 0.9844
1779439301.6077 38.3612 -0.0247 -0.9827 0.0932 0.0190 -0.1581 0.9828
1779439301.7062 38.7069 -0.1651 -1.0390 0.0913 0.0185 -0.1655 0.9818
1779439301.8062 39.0552 -0.2933 -1.0722 0.0889 0.0197 -0.1717 0.9809
1779439301.9070 39.3986 -0.4249 -1.1119 0.0874 0.0198 -0.1729 0.9809
1779439302.1073 40.0993 -0.7103 -1.2120 0.0873 0.0189 -0.1796 0.9797
1779439302.2070 40.4437 -0.8583 -1.2436 0.0869 0.0198 -0.1846 0.9788
1779439302.3070 40.7916 -1.0189 -1.2858 0.0850 0.0200 -0.1895 0.9780
1779439302.4080 41.1446 -1.1730 -1.3359 0.0839 0.0201 -0.1926 0.9775
1779439302.5065 41.4843 -1.3441 -1.3821 0.0842 0.0192 -0.1975 0.9765
1779439302.6073 41.8397 -1.5021 -1.4268 0.0826 0.0209 -0.2031 0.9754
1779439302.7072 42.1789 -1.6689 -1.4605 0.0813 0.0216 -0.2085 0.9744
1779439302.8065 42.5136 -1.8329 -1.5037 0.0781 0.0225 -0.2123 0.9738
1779439302.9078 42.8403 -2.0021 -1.5548 0.0746 0.0237 -0.2130 0.9739
1779439303.0072 43.2021 -2.1867 -1.6078 0.0749 0.0236 -0.2145 0.9736
1779439303.1070 43.5478 -2.3261 -1.6473 0.0743 0.0245 -0.2120 0.9741
1779439303.2073 43.9067 -2.4856 -1.6818 0.0739 0.0232 -0.2088 0.9749
1779439303.4072 44.6074 -2.8073 -1.7745 0.0654 0.0234 -0.2041 0.9765
1779439303.5065 44.9641 -2.9623 -1.8080 0.0627 0.0233 -0.2033 0.9768
1779439303.6050 45.3143 -3.1033 -1.8382 0.0616 0.0235 -0.2017 0.9772
1779439303.8072 46.0198 -3.4195 -1.9119 0.0667 0.0215 -0.2006 0.9772
1779439304.0079 46.7294 -3.7543 -1.9928 0.0752 0.0180 -0.1967 0.9774
1779439304.1062 47.0903 -3.8917 -2.0373 0.0776 0.0164 -0.1970 0.9772
1779439304.2063 47.4417 -4.0583 -2.0813 0.0784 0.0154 -0.1950 0.9775
1779439304.3071 47.8077 -4.2009 -2.1218 0.0805 0.0155 -0.1945 0.9775
1779439304.4060 48.1663 -4.3447 -2.1544 0.0803 0.0151 -0.1940 0.9776
1779439304.5062 48.5237 -4.5019 -2.2108 0.0797 0.0130 -0.1925 0.9780
1779439304.6070 48.8970 -4.6630 -2.2345 0.0810 0.0133 -0.1941 0.9775
1779439304.7061 49.2458 -4.8162 -2.2813 0.0821 0.0113 -0.1959 0.9771
1779439304.8062 49.5995 -4.9826 -2.3225 0.0846 0.0106 -0.1999 0.9761
1779439304.9072 49.9403 -5.1467 -2.3523 0.0879 0.0094 -0.2041 0.9749
1779439305.0062 50.2898 -5.3196 -2.3974 0.0909 0.0068 -0.2071 0.9741
1779439305.1069 50.6292 -5.4988 -2.4237 0.0936 0.0066 -0.2122 0.9727
1779439305.3070 51.2966 -5.8427 -2.4908 0.0904 0.0072 -0.2232 0.9705
1779439305.4048 51.5986 -6.0348 -2.5229 0.0836 0.0101 -0.2353 0.9683
1779439305.5070 51.9192 -6.2228 -2.5606 0.0720 0.0141 -0.2452 0.9667
1779439305.6072 52.2367 -6.4169 -2.6038 0.0633 0.0175 -0.2535 0.9651
1779439305.7063 52.5664 -6.5968 -2.6366 0.0605 0.0176 -0.2550 0.9649
1779439305.8059 52.9024 -6.7428 -2.6700 0.0547 0.0175 -0.2476 0.9672
1779439305.9060 53.2205 -6.9232 -2.7052 0.0541 0.0160 -0.2433 0.9683
1779439306.0046 53.5120 -7.0891 -2.7548 0.0526 0.0159 -0.2385 0.9696
1779439306.1048 53.8463 -7.2557 -2.7828 0.0534 0.0161 -0.2356 0.9702
1779439306.2045 54.1651 -7.4211 -2.8085 0.0539 0.0156 -0.2313 0.9713
1779439306.3045 54.4978 -7.5704 -2.8496 0.0521 0.0135 -0.2232 0.9733
1779439306.4046 54.8387 -7.7055 -2.8592 0.0507 0.0122 -0.2219 0.9737
1779439306.5044 55.1451 -7.8613 -2.8964 0.0429 0.0129 -0.2201 0.9745
1779439306.6044 55.4515 -8.0097 -2.9254 0.0375 0.0130 -0.2207 0.9745
1779439306.7044 55.7742 -8.1681 -2.9567 0.0355 0.0121 -0.2187 0.9751
1779439306.8029 56.1051 -8.2798 -2.9752 0.0341 0.0119 -0.2088 0.9773
1779439306.9041 56.4185 -8.4040 -2.9911 0.0370 0.0106 -0.2005 0.9789
1779439307.0059 56.7346 -8.5287 -3.0201 0.0392 0.0107 -0.1939 0.9802
1779439307.1041 57.0220 -8.6581 -3.0461 0.0431 0.0106 -0.1888 0.9810
1779439307.2049 57.3140 -8.7817 -3.0554 0.0459 0.0094 -0.1827 0.9821
1779439307.3028 57.5906 -8.9049 -3.0784 0.0484 0.0084 -0.1743 0.9835
1779439307.5029 58.2197 -9.0950 -3.1356 0.0538 0.0028 -0.1573 0.9861
1779439307.6021 58.5306 -9.1830 -3.1495 0.0556 0.0024 -0.1504 0.9871
1779439307.7029 58.8242 -9.2722 -3.1735 0.0579 0.0033 -0.1414 0.9883
1779439307.8042 59.1273 -9.3448 -3.1984 0.0608 0.0013 -0.1334 0.9892
1779439307.9042 59.4433 -9.3987 -3.2161 0.0666 0.0007 -0.1262 0.9898
1779439308.0042 59.7297 -9.4425 -3.2158 0.0731 -0.0011 -0.1202 0.9900
1779439308.1042 60.0104 -9.5263 -3.2323 0.0792 -0.0035 -0.1169 0.9900
1779439308.2043 60.3168 -9.6098 -3.2595 0.0862 -0.0061 -0.1190 0.9891
1779439308.3043 60.6200 -9.6870 -3.2621 0.0931 -0.0084 -0.1243 0.9878
1779439308.4040 60.8888 -9.7719 -3.2564 0.0974 -0.0091 -0.1285 0.9869
1779439308.5045 61.1301 -9.9143 -3.2935 0.1016 -0.0119 -0.1349 0.9856
1779439308.6057 61.4092 -10.0375 -3.3088 0.1062 -0.0139 -0.1422 0.9840
1779439308.7039 61.6829 -10.1602 -3.3150 0.1088 -0.0162 -0.1494 0.9826
1779439308.8042 62.0411 -10.1821 -3.3226 0.1074 -0.0159 -0.1658 0.9802
1779439308.9041 62.3057 -10.3652 -3.3451 0.1048 -0.0123 -0.1889 0.9763
1779439309.1038 62.7350 -10.6340 -3.3903 0.0911 -0.0030 -0.2236 0.9704
1779439309.2026 62.9618 -10.7948 -3.4284 0.0883 0.0038 -0.2346 0.9681
1779439309.4028 63.3034 -11.0280 -3.4522 0.0837 0.0022 -0.2430 0.9664
1779439309.5027 63.5609 -11.1113 -3.4811 0.0838 0.0026 -0.2468 0.9654
1779439309.6027 63.7295 -11.2597 -3.5005 0.0844 -0.0013 -0.2470 0.9653
1779439309.7040 63.9368 -11.4064 -3.5378 0.0888 -0.0010 -0.2506 0.9640
1779439309.8028 64.1267 -11.5706 -3.5912 0.0909 -0.0012 -0.2553 0.9626
1779439309.9026 64.3266 -11.6856 -3.5997 0.0944 0.0025 -0.2641 0.9599
1779439310.0043 64.5359 -11.8371 -3.6278 0.0965 0.0049 -0.2717 0.9575
1779439310.1020 64.6985 -11.9731 -3.6563 0.0988 0.0063 -0.2783 0.9554
1779439310.2019 64.9194 -12.1060 -3.6838 0.1030 0.0076 -0.2860 0.9526
1779439310.3027 65.1278 -12.2616 -3.7006 0.1061 0.0068 -0.2952 0.9495
1779439310.4026 65.2654 -12.4733 -3.7447 0.1063 0.0052 -0.3073 0.9457
1779439310.5017 65.4394 -12.5994 -3.7784 0.1065 0.0073 -0.3271 0.9389
1779439310.6025 65.5810 -12.8084 -3.8110 0.1058 0.0109 -0.3452 0.9325
1779439310.7038 65.7354 -12.9956 -3.8689 0.1038 0.0143 -0.3651 0.9250
1779439310.8020 65.8588 -13.1986 -3.9348 0.1019 0.0198 -0.3859 0.9167
1779439310.9028 65.9726 -13.4417 -3.9044 0.1017 0.0267 -0.4080 0.9069
1779439311.0041 66.0910 -13.6736 -4.0225 0.0953 0.0291 -0.4331 0.8958
1779439311.2027 66.2434 -14.0806 -4.0920 0.0841 0.0268 -0.4735 0.8764
1779439311.3018 66.3573 -14.3400 -4.1128 0.0814 0.0290 -0.4926 0.8659
1779439311.4026 66.4400 -14.5463 -4.1698 0.0763 0.0334 -0.5082 0.8572
1779439311.5040 66.5342 -14.7685 -4.2424 0.0707 0.0307 -0.5229 0.8489
1779439311.7027 66.7218 -15.2204 -4.3273 0.0673 0.0377 -0.5331 0.8426
1779439311.8040 66.8439 -15.4492 -4.3748 0.0647 0.0376 -0.5357 0.8411
1779439311.9025 66.8749 -15.6282 -4.3910 0.0635 0.0421 -0.5373 0.8400
1779439312.0039 66.9931 -15.8537 -4.4437 0.0598 0.0453 -0.5401 0.8383
1779439312.1037 67.1132 -16.0685 -4.4921 0.0556 0.0481 -0.5422 0.8370
1779439312.2037 67.2020 -16.2762 -4.5357 0.0525 0.0505 -0.5407 0.8381
1779439312.3042 67.3041 -16.4612 -4.5785 0.0519 0.0526 -0.5325 0.8432
1779439312.4026 67.3829 -16.6417 -4.6097 0.0521 0.0515 -0.5219 0.8499
1779439312.5038 67.4995 -16.8372 -4.6371 0.0548 0.0479 -0.5130 0.8553
1779439312.7019 67.7637 -17.2450 -4.7330 0.0668 0.0389 -0.4999 0.8626
1779439312.8026 67.8479 -17.4170 -4.7746 0.0755 0.0344 -0.4979 0.8632
1779439312.9039 67.9183 -17.6387 -4.8167 0.0851 0.0311 -0.5036 0.8591
1779439313.0037 67.9799 -17.8276 -4.8583 0.0917 0.0296 -0.5123 0.8534
1779439313.2023 67.9713 -18.2426 -4.9075 0.1029 0.0308 -0.5394 0.8352
1779439313.3040 67.9787 -18.5023 -4.9969 0.1006 0.0335 -0.5621 0.8203
1779439313.4041 67.9640 -18.7304 -5.0553 0.0998 0.0372 -0.5883 0.8016
1779439313.5037 67.9392 -18.9409 -5.0730 0.1009 0.0405 -0.6151 0.7809
1779439313.6041 67.9067 -19.1575 -5.1083 0.0959 0.0391 -0.6420 0.7597
1779439313.8037 67.7646 -19.6269 -5.1390 0.0773 0.0372 -0.6947 0.7142
1779439313.9037 67.6722 -19.8218 -5.1623 -0.0650 -0.0384 0.7201 -0.6897
1779439314.0038 67.6255 -20.0224 -5.2730 -0.0509 -0.0463 0.7448 -0.6637
1779439314.1025 67.5424 -20.2263 -5.2960 -0.0451 -0.0532 0.7658 -0.6393
1779439314.2036 67.4366 -20.3881 -5.2918 -0.0381 -0.0611 0.7842 -0.6163
1779439314.3024 67.3547 -20.5357 -5.3382 -0.0285 -0.0685 0.7982 -0.5978
1779439314.4042 67.2619 -20.7001 -5.3644 -0.0216 -0.0751 0.8057 -0.5872
1779439314.5037 67.1859 -20.8788 -5.3782 -0.0165 -0.0788 0.8113 -0.5791
1779439314.6038 67.0864 -21.0192 -5.3830 -0.0133 -0.0795 0.8136 -0.5758
1779439314.7041 67.0200 -21.1870 -5.4457 -0.0108 -0.0792 0.8118 -0.5784
1779439314.8036 66.9809 -21.3576 -5.4735 -0.0122 -0.0804 0.8087 -0.5826
1779439314.9039 66.9445 -21.5263 -5.4812 -0.0143 -0.0811 0.8066 -0.5854
1779439315.0055 66.8902 -21.6900 -5.5378 -0.0154 -0.0840 0.8042 -0.5881
1779439315.1039 66.8573 -21.8646 -5.5461 -0.0180 -0.0836 0.8022 -0.5909
1779439315.3037 66.7637 -22.1843 -5.6224 -0.0245 -0.0816 0.7986 -0.5958
1779439315.5041 66.6638 -22.5160 -5.6792 -0.0292 -0.0758 0.7959 -0.6000
1779439315.6038 66.6114 -22.6662 -5.6780 -0.0317 -0.0745 0.7978 -0.5975
1779439315.7038 66.5555 -22.8241 -5.7118 -0.0280 -0.0741 0.8037 -0.5897
1779439315.8053 66.4938 -22.9763 -5.7602 -0.0244 -0.0760 0.8094 -0.5819
1779439315.9054 66.4008 -23.1206 -5.7681 -0.0217 -0.0782 0.8142 -0.5749
1779439316.0058 66.3235 -23.2670 -5.8224 -0.0155 -0.0822 0.8194 -0.5670
1779439316.1055 66.2454 -23.4129 -5.8355 -0.0117 -0.0888 0.8243 -0.5590
1779439316.2056 66.1594 -23.5514 -5.8654 -0.0067 -0.0972 0.8278 -0.5524
1779439316.3066 66.1031 -23.7114 -5.8966 -0.0012 -0.1050 0.8305 -0.5470
1779439316.4069 66.0028 -23.8530 -5.9319 -0.0003 -0.1130 0.8294 -0.5471
1779439316.5076 65.9470 -23.9958 -5.9602 0.0019 -0.1211 0.8232 -0.5547
1779439316.6106 65.9269 -24.1649 -5.9983 0.0024 -0.1260 0.8161 -0.5640
1779439316.7085 65.9050 -24.3789 -6.0403 0.0035 -0.1334 0.8033 -0.5804
1779439316.8104 65.9253 -24.5402 -6.0507 0.0045 -0.1353 0.7886 -0.5998
1779439316.9087 65.9573 -24.7333 -6.0850 0.0057 -0.1308 0.7742 -0.6192
1779439317.0065 66.0132 -24.9549 -6.1250 0.0049 -0.1261 0.7517 -0.6473
1779439317.1065 66.0817 -25.1528 -6.1602 0.0020 -0.1176 0.7285 -0.6748
1779439317.2059 66.1296 -25.3497 -6.2014 0.0013 -0.1101 0.7030 -0.7026
1779439317.3065 66.2321 -25.5254 -6.2746 -0.0034 0.1036 -0.6744 0.7310
1779439317.4066 66.2947 -25.6724 -6.2970 -0.0001 0.1045 -0.6485 0.7540
1779439317.5056 66.4306 -25.8672 -6.3531 0.0018 0.1003 -0.6220 0.7766
1779439317.6056 66.5873 -26.0638 -6.3941 0.0039 0.0984 -0.5924 0.7996
1779439317.7056 66.7298 -26.2164 -6.4347 0.0057 0.0930 -0.5591 0.8239
1779439317.8057 66.8853 -26.3489 -6.5102 0.0126 0.0915 -0.5244 0.8464
1779439317.9054 67.0846 -26.5054 -6.4773 0.0198 0.0852 -0.4914 0.8665
1779439318.0042 67.2520 -26.5981 -6.5190 0.0258 0.0677 -0.4574 0.8863
1779439318.1035 67.3819 -26.6909 -6.5139 0.0310 0.0587 -0.4334 0.8987
1779439318.2041 67.5468 -26.7916 -6.5276 0.0382 0.0469 -0.4181 0.9064
1779439318.3024 67.6911 -26.9101 -6.5506 0.0425 0.0366 -0.4016 0.9141
1779439318.5038 67.9480 -27.1543 -6.6231 0.0541 0.0318 -0.3891 0.9190
1779439318.6035 68.1150 -27.2866 -6.6365 0.0547 0.0325 -0.3844 0.9210
1779439318.8042 68.3248 -27.5307 -6.6900 0.0493 0.0362 -0.3882 0.9195
1779439318.9035 68.4709 -27.6393 -6.7273 0.0403 0.0405 -0.3905 0.9188
1779439319.0036 68.6072 -27.7306 -6.7365 0.0330 0.0444 -0.3951 0.9169
1779439319.1021 68.7905 -27.8105 -6.7615 0.0250 0.0484 -0.3945 0.9173
1779439319.2024 68.8908 -27.9956 -6.7872 0.0175 0.0514 -0.3837 0.9219
1779439319.3016 68.9986 -28.2092 -6.8402 0.0128 0.0504 -0.3708 0.9273
1779439319.4017 69.2124 -28.3000 -6.8611 0.0064 0.0504 -0.3509 0.9350
1779439319.5015 69.3728 -28.3728 -6.8625 0.0025 0.0478 -0.3279 0.9435
1779439319.6006 69.5986 -28.3583 -6.8806 0.0030 0.0426 -0.3052 0.9513
1779439319.7015 69.7779 -28.3659 -6.8657 -0.0011 0.0385 -0.2687 0.9625
1779439319.8022 69.9617 -28.3604 -6.8871 0.0012 0.0325 -0.2347 0.9715
1779439319.9015 70.1547 -28.4186 -6.9291 0.0053 0.0291 -0.1974 0.9799
1779439320.0022 70.3131 -28.4569 -6.9660 0.0069 0.0264 -0.1531 0.9878
1779439320.1012 70.4978 -28.3925 -6.9608 0.0111 0.0237 -0.1117 0.9934
1779439320.3034 70.8364 -28.3210 -6.9575 0.0045 0.0208 -0.0364 0.9991
1779439320.4013 71.0485 -28.1853 -6.9239 0.0006 0.0175 -0.0036 0.9998
1779439320.5021 71.2096 -28.1661 -6.9003 -0.0076 0.0120 0.0401 0.9991
1779439320.6020 71.3652 -28.0553 -6.9160 -0.0097 0.0012 0.0835 0.9965
1779439320.7013 71.5030 -27.9785 -6.9403 -0.0092 -0.0096 0.1289 0.9916
1779439320.8016 71.6657 -27.8205 -6.9469 -0.0079 -0.0233 0.1874 0.9820
1779439320.9034 71.8155 -27.6620 -6.8998 -0.0066 -0.0371 0.2454 0.9687
1779439321.0022 71.8707 -27.5252 -6.8467 -0.0025 -0.0479 0.2993 0.9530
1779439321.2033 71.9568 -27.3463 -6.7747 0.0069 -0.0601 0.3516 0.9342
1779439321.3034 72.0221 -27.1344 -6.7588 0.0158 -0.0661 0.3919 0.9175
1779439321.4035 72.0356 -26.9150 -6.7032 0.0233 -0.0711 0.4321 0.8987
1779439321.5033 71.9962 -26.6945 -6.6546 0.0317 -0.0742 0.4687 0.8797
1779439321.6035 72.0246 -26.4860 -6.5995 0.0386 -0.0786 0.5053 0.8585
1779439321.7034 71.9017 -26.2798 -6.5382 0.0436 -0.0828 0.5334 0.8407
1779439321.8034 71.9110 -26.0469 -6.5060 0.0506 -0.0855 0.5542 0.8264
1779439321.9021 71.9185 -25.8339 -6.4617 0.0540 -0.0874 0.5758 0.8111
1779439322.0022 71.8036 -25.6553 -6.4101 0.0573 -0.0867 0.5942 0.7976
1779439322.1021 71.8249 -25.4415 -6.3851 0.0620 -0.0844 0.6100 0.7854
1779439322.2033 71.8152 -25.2420 -6.3258 0.0642 -0.0844 0.6265 0.7722
1779439322.4016 71.8151 -24.8564 -6.2553 0.0735 -0.0786 0.6364 0.7638
1779439322.5036 71.8045 -24.6595 -6.2177 0.0755 -0.0782 0.6382 0.7621
1779439322.7021 71.9240 -24.2061 -6.1394 0.0795 -0.0726 0.6418 0.7593
1779439322.8035 71.9357 -24.0016 -6.1021 0.0823 -0.0708 0.6462 0.7554
1779439322.9020 71.9973 -23.7564 -6.0418 0.0839 -0.0711 0.6514 0.7508
1779439323.0022 71.9326 -23.5769 -6.0029 0.0853 -0.0735 0.6520 0.7498
1779439323.1012 71.9790 -23.3481 -5.9653 0.0861 -0.0731 0.6458 0.7551
1779439323.2021 72.0775 -23.0812 -5.9261 0.0812 -0.0758 0.6436 0.7573
1779439323.4014 72.2140 -22.5389 -5.8310 0.0750 -0.0800 0.6439 0.7572
1779439323.5022 72.2495 -22.2966 -5.7630 0.0747 -0.0826 0.6493 0.7523
1779439323.6014 72.3147 -22.0315 -5.7184 0.0775 -0.0824 0.6568 0.7455
1779439323.7015 72.3327 -21.7630 -5.6580 0.0803 -0.0811 0.6668 0.7365
1779439323.8023 72.3000 -21.5126 -5.6061 0.0843 -0.0771 0.6750 0.7289
1779439323.9034 72.2470 -21.2657 -5.5553 0.0873 -0.0761 0.6807 0.7234
1779439324.0020 72.2137 -21.0270 -5.5101 0.0903 -0.0745 0.6796 0.7242
1779439324.1012 72.2622 -20.7548 -5.4545 0.0899 -0.0729 0.6756 0.7282
1779439324.2014 72.3462 -20.4401 -5.4063 0.0875 -0.0740 0.6756 0.7283
1779439324.3032 72.3275 -20.1958 -5.3555 0.0880 -0.0737 0.6733 0.7304
1779439324.4014 72.3441 -19.9342 -5.2971 0.0870 -0.0723 0.6719 0.7319
1779439324.5019 72.4033 -19.6399 -5.2637 0.0894 -0.0732 0.6717 0.7317
1779439324.6020 72.4244 -19.3739 -5.2025 0.0912 -0.0708 0.6702 0.7332
1779439324.7012 72.4643 -19.1010 -5.1638 0.0930 -0.0666 0.6693 0.7341
1779439324.8021 72.5145 -18.8308 -5.0772 0.0918 -0.0634 0.6691 0.7347
1779439325.0019 72.5430 -18.2640 -4.9869 0.0938 -0.0641 0.6682 0.7353
1779439325.1032 72.5806 -18.0019 -4.9045 0.0928 -0.0647 0.6661 0.7373
1779439325.2016 72.6107 -17.7288 -4.8593 0.0933 -0.0689 0.6614 0.7410
1779439325.3020 72.6564 -17.4282 -4.8459 0.0950 -0.0705 0.6552 0.7461
1779439325.4020 72.7330 -17.1596 -4.7615 0.0899 -0.0729 0.6536 0.7479
1779439325.6019 72.8092 -16.5874 -4.6812 0.0896 -0.0722 0.6501 0.7511
1779439325.7031 72.8744 -16.3065 -4.5991 0.0884 -0.0743 0.6518 0.7496
1779439325.8013 72.9108 -16.0150 -4.5274 0.0903 -0.0754 0.6527 0.7485
1779439325.9019 72.9618 -15.7285 -4.5038 0.0943 -0.0744 0.6536 0.7472
1779439326.0033 73.0133 -15.4514 -4.4410 0.0964 -0.0723 0.6549 0.7460
1779439326.1013 73.0509 -15.1733 -4.3745 0.0984 -0.0695 0.6547 0.7462
1779439326.2021 73.0990 -14.8824 -4.3187 0.0994 -0.0658 0.6549 0.7462
1779439326.3015 73.1449 -14.6112 -4.2903 0.1011 -0.0654 0.6532 0.7476
1779439326.4032 73.2133 -14.3416 -4.2133 0.1007 -0.0647 0.6482 0.7520
1779439326.5033 73.2928 -14.0498 -4.1564 0.1001 -0.0645 0.6444 0.7554
1779439326.6019 73.3562 -13.7655 -4.1192 0.0994 -0.0654 0.6416 0.7577
1779439326.7031 73.4057 -13.4828 -4.0448 0.0983 -0.0646 0.6371 0.7618
1779439326.8033 73.4876 -13.1990 -4.0089 0.0985 -0.0664 0.6332 0.7648
1779439326.9032 73.5585 -12.9112 -3.9215 0.0953 -0.0678 0.6289 0.7686
1779439327.0036 73.6275 -12.6180 -3.8959 0.0941 -0.0688 0.6254 0.7715
1779439327.1032 73.6985 -12.3424 -3.8449 0.0932 -0.0700 0.6219 0.7743
1779439327.2035 73.7758 -12.0327 -3.7665 0.0919 -0.0711 0.6213 0.7749
1779439327.4021 73.9047 -11.4714 -3.6688 0.0944 -0.0705 0.6245 0.7721
1779439327.5035 73.9863 -11.1710 -3.6067 0.0959 -0.0709 0.6243 0.7720
1779439327.6037 74.0367 -10.8940 -3.5457 0.0954 -0.0696 0.6236 0.7728
1779439327.8036 74.1680 -10.3122 -3.4402 0.0941 -0.0702 0.6216 0.7745
1779439327.9036 74.2527 -10.0158 -3.3875 0.0923 -0.0711 0.6221 0.7742
1779439328.0031 74.3238 -9.7378 -3.3191 0.0907 -0.0712 0.6218 0.7747
1779439328.1018 74.3773 -9.4610 -3.2724 0.0889 -0.0713 0.6214 0.7752
1779439328.2019 74.4430 -9.1747 -3.2335 0.0877 -0.0706 0.6215 0.7753
1779439328.3031 74.4742 -8.8707 -3.1564 0.0864 -0.0718 0.6246 0.7729
1779439328.4018 74.5172 -8.6011 -3.1017 0.0849 -0.0697 0.6287 0.7699
1779439328.5031 74.5740 -8.2988 -3.0403 0.0855 -0.0706 0.6308 0.7680
1779439328.6031 74.6418 -8.0041 -2.9960 0.0851 -0.0718 0.6318 0.7671
1779439328.7012 74.6959 -7.7052 -2.9229 0.0866 -0.0715 0.6304 0.7681
1779439328.8020 74.7642 -7.4174 -2.8702 0.0888 -0.0730 0.6302 0.7678
1779439328.9032 74.8227 -7.1220 -2.8150 0.0914 -0.0720 0.6302 0.7677
1779439329.0019 74.8720 -6.8207 -2.7620 0.0928 -0.0702 0.6303 0.7676
1779439329.1031 74.9783 -6.4983 -2.7053 0.0935 -0.0681 0.6319 0.7663
1779439329.2012 75.0178 -6.2223 -2.6473 0.0936 -0.0673 0.6322 0.7662
1779439329.4032 75.1258 -5.6265 -2.5148 0.0941 -0.0679 0.6337 0.7649
1779439329.6031 75.2224 -5.0511 -2.4064 0.0954 -0.0702 0.6309 0.7668
1779439329.7033 75.3361 -4.7362 -2.3512 0.0943 -0.0689 0.6285 0.7690
1779439329.8018 75.4206 -4.4241 -2.2821 0.0916 -0.0697 0.6255 0.7717
1779439329.9031 75.4666 -4.1225 -2.2281 0.0894 -0.0708 0.6240 0.7731
1779439330.0031 75.5447 -3.8137 -2.1785 0.0892 -0.0715 0.6226 0.7741
1779439330.3017 75.6901 -2.9608 -1.9962 0.0928 -0.0728 0.6255 0.7712
1779439330.4017 75.7707 -2.6607 -1.9334 0.0927 -0.0730 0.6238 0.7726
1779439330.5031 75.8442 -2.3759 -1.8709 0.0929 -0.0726 0.6191 0.7764
1779439330.6017 75.9223 -2.0410 -1.8377 0.0932 -0.0720 0.6199 0.7758
1779439330.7018 75.9816 -1.7501 -1.7589 0.0914 -0.0723 0.6232 0.7733
1779439330.8020 76.0294 -1.4563 -1.6886 0.0928 -0.0716 0.6255 0.7713
1779439330.9017 76.0910 -1.1650 -1.6383 0.0931 -0.0725 0.6291 0.7683
1779439331.0018 76.1783 -0.8713 -1.5682 0.0941 -0.0727 0.6307 0.7668
1779439331.1011 76.2197 -0.5636 -1.5247 0.0952 -0.0723 0.6311 0.7664
1779439331.2016 76.2788 -0.2511 -1.4609 0.0947 -0.0728 0.6328 0.7651
1779439331.3029 76.3849 0.0508 -1.4177 0.0957 -0.0711 0.6340 0.7641
1779439331.4018 76.4468 0.3431 -1.3631 0.0965 -0.0698 0.6343 0.7639
1779439331.5017 76.5039 0.6297 -1.2678 0.0965 -0.0695 0.6324 0.7655
1779439331.6031 76.5971 0.9384 -1.2197 0.0992 -0.0682 0.6300 0.7672
1779439331.7018 76.6912 1.2208 -1.1850 0.1020 -0.0662 0.6266 0.7698
1779439331.8019 76.7624 1.5250 -1.1171 0.1035 -0.0664 0.6225 0.7729
1779439331.9030 76.8490 1.8220 -1.0502 0.1036 -0.0653 0.6192 0.7757
1779439332.0017 76.9347 2.1056 -1.0080 0.1030 -0.0647 0.6146 0.7794
1779439332.1031 77.0309 2.3930 -0.9435 0.1011 -0.0663 0.6101 0.7830
1779439332.2011 77.1169 2.6978 -0.8876 0.0978 -0.0697 0.6058 0.7865
1779439332.4007 77.2567 3.2647 -0.7809 0.0882 -0.0749 0.5972 0.7937
1779439332.5016 77.3112 3.5426 -0.6987 0.0843 -0.0768 0.5964 0.7946
1779439332.6017 77.3760 3.8378 -0.6401 0.0821 -0.0763 0.5993 0.7927
1779439332.7010 77.4598 4.1662 -0.6057 0.0816 -0.0777 0.6025 0.7901
1779439332.8017 77.5221 4.4470 -0.5017 0.0792 -0.0781 0.6059 0.7877
1779439332.9017 77.6032 4.7481 -0.4507 0.0796 -0.0787 0.6083 0.7858
1779439333.0030 77.6852 5.0649 -0.4283 0.0810 -0.0818 0.6110 0.7832
1779439333.2009 77.7938 5.6454 -0.3033 0.0810 -0.0820 0.6162 0.7791
1779439333.3017 77.8854 5.9469 -0.2483 0.0811 -0.0815 0.6197 0.7764
1779439333.4016 77.9462 6.2449 -0.1751 0.0800 -0.0825 0.6230 0.7738
1779439333.5009 77.9661 6.5463 -0.1071 0.0808 -0.0813 0.6287 0.7691
1779439333.6016 77.9937 6.8451 -0.0401 0.0810 -0.0817 0.6383 0.7612
1779439333.7030 78.0289 7.1495 0.0149 0.0840 -0.0821 0.6479 0.7527
1779439333.8017 78.0403 7.4576 0.0863 0.0868 -0.0813 0.6553 0.7460
1779439333.9018 78.1143 7.7862 0.1447 0.0896 -0.0794 0.6611 0.7406
1779439334.0029 78.1630 8.0904 0.1897 0.0952 -0.0762 0.6610 0.7404
1779439334.1010 78.2485 8.4253 0.2667 0.0962 -0.0757 0.6599 0.7413
1779439334.2018 78.3124 8.7342 0.3123 0.0962 -0.0753 0.6511 0.7491
1779439334.3016 78.3741 9.0408 0.3745 0.0970 -0.0745 0.6452 0.7542
1779439334.4017 78.4207 9.3413 0.4567 0.0938 -0.0789 0.6455 0.7539
1779439334.5033 78.4384 9.6365 0.5081 0.0966 -0.0761 0.6465 0.7529
1779439334.6016 78.4854 9.9558 0.5918 0.0977 -0.0747 0.6523 0.7479
1779439334.7016 78.5545 10.2534 0.6212 0.0994 -0.0723 0.6523 0.7479
1779439334.8019 78.6441 10.5589 0.6744 0.1019 -0.0698 0.6500 0.7498
1779439334.9009 78.7062 10.8757 0.7548 0.1024 -0.0681 0.6495 0.7504
1779439335.0016 78.7721 11.1917 0.8178 0.1044 -0.0655 0.6476 0.7520
1779439335.2016 78.8900 11.7926 0.9372 0.1075 -0.0645 0.6427 0.7558
1779439335.3027 78.9595 12.1083 0.9980 0.1090 -0.0632 0.6399 0.7581
1779439335.4015 79.0131 12.4174 1.0402 0.1088 -0.0634 0.6322 0.7645
1779439335.5032 79.0946 12.6989 1.1231 0.1066 -0.0641 0.6217 0.7733
1779439335.6048 79.2188 13.0176 1.1567 0.1020 -0.0684 0.6134 0.7801
1779439335.8035 79.4147 13.6002 1.3293 0.0989 -0.0710 0.6052 0.7867
1779439335.9050 79.4810 13.8905 1.3807 0.0983 -0.0721 0.6055 0.7865
1779439336.0044 79.5859 14.1873 1.4389 0.0983 -0.0725 0.6021 0.7890
1779439336.1048 79.7019 14.4857 1.4835 0.0972 -0.0742 0.5992 0.7912
1779439336.2048 79.7994 14.7905 1.5653 0.0955 -0.0752 0.5955 0.7941
1779439336.4031 79.9722 15.4199 1.6778 0.0915 -0.0794 0.5994 0.7912
1779439336.5028 80.0668 15.6993 1.7463 0.0911 -0.0815 0.6024 0.7888
1779439336.6045 80.1385 16.0120 1.8402 0.0878 -0.0817 0.6074 0.7853
1779439336.7059 80.1792 16.3462 1.8690 0.0905 -0.0828 0.6079 0.7845
1779439336.8031 80.2834 16.6343 1.9344 0.0887 -0.0844 0.6104 0.7825
1779439336.9033 80.3592 16.9369 2.0029 0.0863 -0.0837 0.6148 0.7795
1779439337.0057 80.4227 17.2681 2.0786 0.0870 -0.0834 0.6178 0.7770
1779439337.1033 80.5089 17.5591 2.1312 0.0884 -0.0848 0.6225 0.7730
1779439337.2029 80.5708 17.8693 2.1972 0.0912 -0.0841 0.6259 0.7700
1779439337.3034 80.6051 18.1652 2.2748 0.0937 -0.0808 0.6280 0.7683
1779439337.4047 80.6884 18.4667 2.2910 0.0978 -0.0806 0.6283 0.7676
1779439337.5031 80.7671 18.7814 2.3714 0.0982 -0.0792 0.6294 0.7667
1779439337.6036 80.8361 19.0864 2.4675 0.0958 -0.0777 0.6300 0.7668
1779439337.7058 80.9010 19.3852 2.5075 0.0969 -0.0787 0.6260 0.7697
1779439337.8031 80.9841 19.6818 2.5851 0.0963 -0.0805 0.6230 0.7721
1779439337.9044 81.0539 19.9891 2.6529 0.0939 -0.0847 0.6205 0.7739
1779439338.0048 81.1379 20.3175 2.7037 0.0919 -0.0861 0.6190 0.7752
1779439338.1035 81.2235 20.6390 2.7714 0.0889 -0.0884 0.6211 0.7736
1779439338.2035 81.2977 20.9320 2.8437 0.0878 -0.0875 0.6241 0.7715
1779439338.3032 81.3635 21.2288 2.9101 0.0882 -0.0881 0.6291 0.7673
1779439338.4032 81.4024 21.5300 2.9864 0.0909 -0.0861 0.6349 0.7624
1779439338.5032 81.4551 21.8201 3.0537 0.0942 -0.0853 0.6400 0.7578
1779439338.6027 81.4345 22.1506 3.1174 0.0974 -0.0861 0.6423 0.7554
1779439338.7028 81.4698 22.4416 3.1830 0.0999 -0.0843 0.6376 0.7592
1779439338.8032 81.5907 22.7211 3.2398 0.0977 -0.0862 0.6347 0.7617
1779439339.0031 81.7377 23.3070 3.3588 0.0984 -0.0858 0.6345 0.7618
1779439339.1033 81.7825 23.6059 3.4267 0.0988 -0.0847 0.6392 0.7580
1779439339.2034 81.8033 23.9014 3.5209 0.0981 -0.0852 0.6427 0.7550
1779439339.3045 81.8423 24.1910 3.5866 0.0988 -0.0849 0.6440 0.7539
1779439339.4045 81.9019 24.4963 3.6271 0.1015 -0.0838 0.6453 0.7525
1779439339.6050 81.9986 25.0550 3.7672 0.1006 -0.0822 0.6441 0.7539
1779439339.7049 82.0446 25.3692 3.8300 0.1023 -0.0815 0.6368 0.7598
1779439339.8055 82.1430 25.6581 3.9119 0.1022 -0.0828 0.6343 0.7618
1779439339.9057 82.2232 25.9456 3.9603 0.1038 -0.0831 0.6318 0.7636
1779439340.0031 82.2786 26.2155 4.0449 0.1044 -0.0840 0.6287 0.7660
1779439340.1049 82.3529 26.4878 4.1054 0.1051 -0.0841 0.6273 0.7671
1779439340.2054 82.4255 26.7571 4.1617 0.1069 -0.0842 0.6260 0.7678
1779439340.3047 82.5066 27.0428 4.2378 0.1084 -0.0827 0.6263 0.7675
1779439340.4047 82.5579 27.3333 4.2891 0.1105 -0.0807 0.6254 0.7682
1779439340.5044 82.6105 27.6191 4.3658 0.1109 -0.0799 0.6239 0.7695
1779439340.6047 82.6764 27.9006 4.4429 0.1092 -0.0801 0.6215 0.7716
1779439340.7055 82.7332 28.1611 4.4887 0.1084 -0.0814 0.6159 0.7761
1779439340.8043 82.8117 28.4266 4.5733 0.1053 -0.0847 0.6109 0.7801
1779439340.9047 82.8867 28.6975 4.6172 0.1043 -0.0863 0.6088 0.7817
1779439341.0058 82.9657 28.9678 4.6776 0.1062 -0.0869 0.6119 0.7789
1779439341.1043 83.0046 29.2260 4.7625 0.1078 -0.0878 0.6167 0.7748
1779439341.2030 83.0610 29.5022 4.7982 0.1103 -0.0861 0.6201 0.7719
1779439341.4046 83.1559 30.0248 4.9480 0.1133 -0.0834 0.6144 0.7764
1779439341.6031 83.3215 30.5354 5.0449 0.1121 -0.0852 0.6022 0.7858
1779439341.7047 83.4152 30.7925 5.1306 0.1122 -0.0839 0.5972 0.7898
1779439341.8030 83.4930 31.0309 5.1905 0.1103 -0.0849 0.5971 0.7900
1779439342.0043 83.6599 31.5190 5.2941 0.1122 -0.0852 0.5937 0.7922
1779439342.1028 83.7414 31.7625 5.3897 0.1123 -0.0864 0.5913 0.7939
1779439342.2045 83.8459 31.9998 5.4257 0.1088 -0.0833 0.5892 0.7963
1779439342.4044 83.9982 32.4680 5.5285 0.1019 -0.0863 0.5799 0.8037
1779439342.5046 84.0939 32.7112 5.5674 0.0941 -0.0831 0.5748 0.8086
1779439342.6029 84.1661 32.9411 5.6154 0.0902 -0.0858 0.5702 0.8120
1779439342.7032 84.2791 33.1624 5.6570 0.0867 -0.0857 0.5714 0.8116
1779439342.8045 84.3702 33.3918 5.7151 0.0830 -0.0885 0.5782 0.8069
1779439342.9029 84.4360 33.5981 5.7638 0.0815 -0.0860 0.5839 0.8031
1779439343.1027 84.5551 34.0860 5.8839 0.0811 -0.0870 0.5970 0.7934
1779439343.2030 84.6131 34.3334 5.9338 0.0838 -0.0884 0.6034 0.7881
1779439343.3029 84.6818 34.5604 6.0001 0.0873 -0.0905 0.6098 0.7825
1779439343.4025 84.7374 34.7865 6.0414 0.0895 -0.0915 0.6146 0.7784
1779439343.5027 84.7888 35.0488 6.0801 0.0946 -0.0950 0.6191 0.7738
1779439343.6043 84.8650 35.2527 6.1420 0.0959 -0.0900 0.6261 0.7686
1779439343.7026 84.9252 35.5223 6.2037 0.0993 -0.0864 0.6306 0.7649
1779439343.8043 84.9711 35.7480 6.2370 0.1010 -0.0809 0.6355 0.7612
1779439343.9043 85.0305 35.9655 6.2713 0.0985 -0.0779 0.6376 0.7600
1779439344.0028 85.1071 36.2127 6.3347 0.0975 -0.0734 0.6359 0.7621
1779439344.1042 85.1622 36.4547 6.3603 0.0956 -0.0706 0.6333 0.7647
1779439344.2026 85.2002 36.6486 6.4050 0.0929 -0.0720 0.6313 0.7666
1779439344.3030 85.2538 36.8968 6.4630 0.0890 -0.0697 0.6289 0.7693
1779439344.4047 85.3246 37.1421 6.4671 0.0865 -0.0671 0.6275 0.7709
1779439344.5046 85.3800 37.3692 6.5167 0.0798 -0.0636 0.6263 0.7729
1779439344.6043 85.4253 37.6181 6.5549 0.0761 -0.0622 0.6244 0.7749
1779439344.7047 85.4717 37.8526 6.5997 0.0699 -0.0602 0.6238 0.7761
1779439344.8044 85.5276 38.1213 6.6493 0.0655 -0.0602 0.6229 0.7772
1779439344.9041 85.5586 38.3709 6.6822 0.0647 -0.0644 0.6246 0.7756
1779439345.0046 85.6248 38.6280 6.7002 0.0635 -0.0615 0.6298 0.7717
1779439345.1032 85.6671 38.8591 6.7413 0.0624 -0.0604 0.6325 0.7697
1779439345.2045 85.7023 39.1206 6.7836 0.0629 -0.0603 0.6355 0.7671
1779439345.3044 85.7429 39.3809 6.7617 0.0645 -0.0500 0.6403 0.7638
1779439345.6025 85.8429 40.2115 6.9578 0.0673 -0.0573 0.6559 0.7496
1779439345.8042 85.9114 40.7908 7.0574 0.0733 -0.0509 0.6690 0.7379
1779439345.9027 85.9485 41.0662 7.0547 0.0765 -0.0474 0.6729 0.7342
1779439346.0031 85.9697 41.3589 7.0891 0.0776 -0.0464 0.6719 0.7351
1779439346.1028 86.0010 41.6589 7.1088 0.0787 -0.0439 0.6714 0.7356
1779439346.2030 86.0574 41.9685 7.1536 0.0732 -0.0431 0.6703 0.7372
1779439346.3025 86.1056 42.2746 7.1763 0.0734 -0.0387 0.6664 0.7410
1779439346.4032 86.1464 42.5984 7.2281 0.0729 -0.0367 0.6644 0.7429
1779439346.6029 86.2041 43.2338 7.3331 0.0776 -0.0298 0.6611 0.7457
1779439346.7044 86.2694 43.5700 7.3583 0.0792 -0.0298 0.6586 0.7477
1779439346.8046 86.3333 43.9094 7.3943 0.0803 -0.0293 0.6522 0.7532
1779439346.9042 86.4191 44.2436 7.4136 0.0802 -0.0302 0.6475 0.7572
1779439347.0046 86.5371 44.5920 7.4663 0.0798 -0.0297 0.6418 0.7621
1779439347.1046 86.6319 44.9395 7.4999 0.0792 -0.0296 0.6353 0.7676
1779439347.2055 86.7203 45.2817 7.5548 0.0765 -0.0318 0.6299 0.7722
1779439347.3064 86.8047 45.6447 7.5987 0.0756 -0.0352 0.6247 0.7764
1779439347.4054 86.8807 45.9802 7.6925 0.0712 -0.0398 0.6222 0.7786
1779439347.5064 86.9512 46.3515 7.6688 0.0715 -0.0425 0.6194 0.7806
1779439347.6062 87.0210 46.7281 7.7332 0.0671 -0.0450 0.6164 0.7833
1779439347.7052 87.1035 47.0860 7.7652 0.0625 -0.0443 0.6174 0.7829
1779439347.8054 87.1559 47.4456 7.8338 0.0593 -0.0449 0.6192 0.7817
1779439347.9052 87.2236 47.8587 7.8757 0.0584 -0.0458 0.6252 0.7770
1779439348.0042 87.2808 48.2103 7.9079 0.0592 -0.0456 0.6317 0.7716
1779439348.1029 87.3774 48.6313 7.9637 0.0609 -0.0438 0.6362 0.7679
1779439348.2025 87.4939 49.0099 7.9818 0.0635 -0.0416 0.6408 0.7640
1779439348.3023 87.5780 49.4076 8.0519 0.0650 -0.0415 0.6415 0.7632
1779439348.4025 87.6402 49.8248 8.0620 0.0684 -0.0399 0.6418 0.7628
1779439348.6023 87.7960 50.6133 8.1690 0.0730 -0.0360 0.6410 0.7632
1779439348.8011 88.0195 51.4376 8.2726 0.0728 -0.0358 0.6338 0.7692
1779439348.9023 88.0775 51.8555 8.2790 0.0713 -0.0377 0.6268 0.7750
1779439349.1022 88.2095 52.6505 8.3921 0.0661 -0.0388 0.6195 0.7812
1779439349.2024 88.2750 53.0884 8.4715 0.0629 -0.0405 0.6233 0.7784
1779439349.3010 88.3958 53.5137 8.5354 0.0629 -0.0414 0.6275 0.7750
1779439349.4023 88.4822 53.9657 8.5668 0.0674 -0.0443 0.6293 0.7730
1779439349.5024 88.6076 54.4208 8.6348 0.0683 -0.0433 0.6312 0.7714
1779439349.6011 88.6962 54.8673 8.6152 0.0704 -0.0395 0.6318 0.7709
1779439349.7022 88.8038 55.3100 8.7115 0.0708 -0.0365 0.6335 0.7696
1779439349.8026 88.9069 55.7678 8.7878 0.0726 -0.0364 0.6347 0.7685
1779439349.9012 89.0516 56.2508 8.8125 0.0751 -0.0366 0.6333 0.7694
1779439350.0025 89.1913 56.7129 8.8871 0.0756 -0.0349 0.6270 0.7746
1779439350.1010 89.2876 57.1566 8.9511 0.0742 -0.0380 0.6205 0.7798
1779439350.2022 89.3995 57.6054 9.0183 0.0712 -0.0419 0.6163 0.7832
1779439350.3004 89.4979 58.0675 9.0383 0.0694 -0.0426 0.6152 0.7841
1779439350.4010 89.6231 58.5440 9.0914 0.0672 -0.0441 0.6174 0.7825
1779439350.5023 89.7272 59.0067 9.1720 0.0651 -0.0441 0.6190 0.7814
1779439350.6010 89.8625 59.4953 9.2201 0.0649 -0.0458 0.6212 0.7796
1779439350.7011 89.9911 59.9785 9.2773 0.0643 -0.0452 0.6236 0.7778
1779439350.8024 90.0805 60.4665 9.3295 0.0647 -0.0453 0.6243 0.7772
1779439350.9028 90.2029 60.9640 9.3819 0.0650 -0.0459 0.6257 0.7760
1779439351.0023 90.3215 61.4531 9.4570 0.0648 -0.0453 0.6278 0.7743
1779439351.2021 90.5564 62.4610 9.5786 0.0673 -0.0436 0.6291 0.7732
1779439351.3023 90.6804 62.9726 9.6292 0.0685 -0.0436 0.6281 0.7739
1779439351.4010 90.7836 63.4675 9.6875 0.0684 -0.0450 0.6264 0.7752
1779439351.6023 91.0504 64.4898 9.8303 0.0652 -0.0450 0.6218 0.7791
1779439351.8023 91.3346 65.5206 9.9588 0.0589 -0.0531 0.6197 0.7808
1779439351.9025 91.4566 66.0298 9.9997 0.0571 -0.0548 0.6213 0.7795
1779439352.0023 91.5811 66.5478 10.0803 0.0557 -0.0566 0.6257 0.7760
1779439352.1023 91.6864 67.0673 10.1512 0.0554 -0.0567 0.6312 0.7715
