1779439947.5043 0.0000 0.0000 0.0000 0.0000 0.0000 0.0000 1.0000
1779439947.6031 0.4170 -0.0478 -0.1264 -0.0050 -0.0256 -0.0046 0.9996
1779439947.7043 0.7687 -0.0767 -0.0820 -0.0088 -0.0158 -0.0087 0.9998
1779439947.8045 1.1473 -0.0994 -0.1371 -0.0122 -0.0176 -0.0113 0.9997
1779439947.9042 1.5398 -0.0457 -0.1529 -0.0093 -0.0189 -0.0093 0.9997
1779439948.0046 1.9185 0.0130 -0.1345 -0.0062 -0.0186 0.0051 0.9998
1779439948.2034 2.6557 -0.0334 -0.0960 0.0051 -0.0173 0.0257 0.9995
1779439948.3043 3.0268 -0.0727 -0.1366 0.0070 -0.0210 0.0225 0.9995
1779439948.4033 3.4102 -0.1195 -0.1308 0.0122 -0.0245 0.0093 0.9996
1779439948.5035 3.7574 -0.1256 -0.1216 0.0096 -0.0200 0.0026 0.9998
1779439948.6045 4.1290 -0.1738 -0.1853 0.0085 -0.0260 -0.0087 0.9996
1779439948.7034 4.4755 -0.1598 -0.1077 0.0101 -0.0173 -0.0143 0.9997
1779439948.8046 4.8465 -0.1508 -0.1245 0.0036 -0.0174 -0.0055 0.9998
1779439948.9044 5.2010 -0.1876 -0.1031 0.0064 -0.0179 -0.0063 0.9998
1779439949.0035 5.5367 -0.1992 -0.1352 0.0040 -0.0175 -0.0092 0.9998
1779439949.1034 5.9074 -0.2055 -0.1589 0.0027 -0.0182 -0.0095 0.9998
1779439949.3045 6.6111 -0.2352 -0.1003 0.0050 -0.0153 -0.0186 0.9997
1779439949.4035 6.9711 -0.2815 -0.1938 0.0067 -0.0197 -0.0159 0.9997
1779439949.5035 7.3065 -0.3005 -0.1026 0.0097 -0.0154 -0.0138 0.9997
1779439949.6046 7.6567 -0.3396 -0.1679 0.0046 -0.0141 -0.0122 0.9998
1779439949.7037 8.0135 -0.3818 -0.0785 0.0050 -0.0133 -0.0203 0.9997
1779439949.8046 8.3525 -0.4104 -0.1382 -0.0010 -0.0149 -0.0226 0.9996
1779439949.9049 8.7164 -0.4220 -0.1363 -0.0009 -0.0158 -0.0216 0.9996
1779439950.0048 9.0764 -0.4592 -0.1420 0.0027 -0.0175 -0.0211 0.9996
1779439950.1048 9.4267 -0.4719 -0.1524 0.0059 -0.0138 -0.0178 0.9997
1779439950.2037 9.7827 -0.4977 -0.1824 0.0100 -0.0125 -0.0157 0.9997
1779439950.3045 10.1420 -0.5195 -0.1296 0.0115 -0.0100 -0.0126 0.9998
1779439950.4035 10.4965 -0.5417 -0.1625 0.0092 -0.0121 -0.0131 0.9998
1779439950.5045 10.8656 -0.5831 -0.1245 0.0088 -0.0150 -0.0200 0.9996
1779439950.6048 11.2290 -0.6222 -0.1620 0.0069 -0.0154 -0.0262 0.9995
1779439950.7045 11.5846 -0.6507 -0.1439 0.0063 -0.0172 -0.0337 0.9993
1779439950.8049 11.9349 -0.7046 -0.1424 0.0041 -0.0167 -0.0403 0.9990
1779439950.9055 12.2863 -0.7607 -0.1604 0.0009 -0.0150 -0.0453 0.9989
1779439951.0048 12.6285 -0.7879 -0.1617 -0.0023 -0.0136 -0.0473 0.9988
1779439951.1049 12.9835 -0.7891 -0.1439 -0.0063 -0.0139 -0.0441 0.9989
1779439951.2037 13.3387 -0.8320 -0.1694 -0.0089 -0.0165 -0.0405 0.9990
1779439951.3051 13.6972 -0.8529 -0.2080 -0.0124 -0.0144 -0.0392 0.9991
1779439951.4069 14.0404 -0.8766 -0.2229 -0.0142 -0.0100 -0.0373 0.9992
1779439951.5052 14.3816 -0.8814 -0.1817 -0.0154 -0.0068 -0.0364 0.9992
1779439951.7068 15.0728 -0.8972 -0.1818 -0.0109 -0.0096 -0.0241 0.9996
1779439951.8052 15.3988 -0.8426 -0.1710 -0.0045 -0.0106 -0.0100 0.9999
1779439951.9051 15.7304 -0.8508 -0.1832 0.0026 -0.0143 0.0076 0.9999
1779439952.0049 16.0633 -0.8431 -0.1762 0.0139 -0.0152 0.0147 0.9997
1779439952.1051 16.4119 -0.8457 -0.2042 0.0202 -0.0143 0.0188 0.9995
1779439952.3039 17.1111 -0.8957 -0.2121 0.0317 -0.0138 0.0048 0.9994
1779439952.5037 17.7850 -0.9813 -0.1936 0.0382 -0.0149 -0.0134 0.9991
1779439952.6039 18.1124 -1.0183 -0.2080 0.0404 -0.0167 -0.0229 0.9988
1779439952.7050 18.4273 -1.1004 -0.2197 0.0396 -0.0146 -0.0338 0.9985
1779439952.8051 18.7620 -1.1672 -0.2447 0.0368 -0.0145 -0.0529 0.9978
1779439952.9058 19.0498 -1.2831 -0.2380 0.0330 -0.0100 -0.0754 0.9966
1779439953.0076 19.3361 -1.3746 -0.2462 0.0256 -0.0093 -0.0941 0.9952
1779439953.1071 19.6260 -1.4653 -0.2015 0.0183 -0.0105 -0.1084 0.9939
1779439953.2071 19.9335 -1.5687 -0.2183 0.0074 -0.0153 -0.1179 0.9929
1779439953.4060 20.5198 -1.7620 -0.2732 -0.0130 -0.0114 -0.1318 0.9911
1779439953.5070 20.8275 -1.8363 -0.2797 -0.0211 -0.0090 -0.1293 0.9913
1779439953.6054 21.0933 -1.8808 -0.2719 -0.0264 -0.0032 -0.1225 0.9921
1779439953.7071 21.3862 -1.9285 -0.2691 -0.0304 -0.0012 -0.1138 0.9930
1779439953.8073 21.6657 -1.9677 -0.2359 -0.0333 -0.0044 -0.1036 0.9941
1779439953.9072 21.9405 -1.9996 -0.2783 -0.0371 -0.0065 -0.0948 0.9948
1779439954.0071 22.2373 -2.0265 -0.2237 -0.0424 -0.0110 -0.0844 0.9955
1779439954.1052 22.5149 -2.0471 -0.2560 -0.0487 -0.0158 -0.0741 0.9959
1779439954.2071 22.7856 -2.0357 -0.2858 -0.0528 -0.0173 -0.0592 0.9967
1779439954.3042 23.0234 -2.0193 -0.2909 -0.0562 -0.0140 -0.0387 0.9976
1779439954.4052 23.2850 -1.9777 -0.2847 -0.0606 -0.0137 -0.0174 0.9979
1779439954.5060 23.5246 -1.9140 -0.2940 -0.0641 -0.0133 0.0041 0.9978
1779439954.6059 23.7735 -1.8130 -0.2966 -0.0675 -0.0123 0.0321 0.9971
1779439954.7060 24.0020 -1.6876 -0.2906 -0.0689 -0.0125 0.0677 0.9952
1779439954.8073 24.2165 -1.5301 -0.2976 -0.0704 -0.0141 0.1043 0.9920
1779439954.9054 24.3946 -1.4013 -0.3094 -0.0715 -0.0159 0.1389 0.9876
1779439955.1042 24.7613 -1.1074 -0.2739 -0.0707 -0.0276 0.2103 0.9747
1779439955.3031 24.9912 -0.7774 -0.2606 -0.0676 -0.0383 0.2854 0.9552
1779439955.4023 25.0909 -0.6383 -0.2967 -0.0648 -0.0425 0.3230 0.9432
1779439955.5040 25.1952 -0.4102 -0.3109 -0.0651 -0.0431 0.3631 0.9285
1779439955.7026 25.2778 0.0529 -0.3259 -0.0669 -0.0403 0.4393 0.8949
1779439955.8025 25.2899 0.3013 -0.3126 -0.0686 -0.0438 0.4767 0.8753
1779439955.9024 25.2841 0.5269 -0.3139 -0.0653 -0.0489 0.5128 0.8546
1779439956.0026 25.3300 0.7703 -0.3277 -0.0624 -0.0558 0.5540 0.8283
1779439956.1027 25.2163 0.9691 -0.2905 -0.0576 -0.0601 0.5965 0.7982
1779439956.2026 25.1129 1.1737 -0.2693 -0.0509 -0.0641 0.6368 0.7667
1779439956.3041 24.9346 1.3771 -0.2457 -0.0472 -0.0691 0.6752 0.7328
1779439956.4033 24.7266 1.5084 -0.2867 -0.0430 -0.0708 0.7084 0.7009
1779439956.5042 24.5668 1.6826 -0.2964 -0.0428 -0.0727 0.7399 0.6674
1779439956.6033 24.4238 1.8356 -0.2612 -0.0441 -0.0743 0.7706 0.6314
1779439956.7026 24.2961 1.9455 -0.2653 -0.0427 -0.0757 0.7997 0.5940
1779439956.8063 24.1975 2.0647 -0.2631 -0.0412 -0.0764 0.8296 0.5516
1779439956.9078 23.9581 2.1439 -0.2455 -0.0376 -0.0787 0.8572 0.5075
1779439957.0034 23.7112 2.1862 -0.2493 -0.0325 -0.0803 0.8819 0.4633
1779439957.1015 23.5251 2.2242 -0.2754 -0.0270 -0.0811 0.9047 0.4173
1779439957.2025 23.3454 2.2634 -0.2597 -0.0201 -0.0812 0.9258 0.3687
1779439957.3028 23.1740 2.2782 -0.2494 -0.0130 -0.0810 0.9443 0.3186
1779439957.4027 22.9515 2.2674 -0.2478 -0.0053 -0.0790 0.9600 0.2685
1779439957.5027 22.8031 2.2520 -0.2291 -0.0001 -0.0767 0.9723 0.2210
1779439957.6033 22.6598 2.2396 -0.2454 0.0066 -0.0730 0.9803 0.1835
1779439957.7028 22.4616 2.2376 -0.2394 0.0082 -0.0686 0.9854 0.1557
1779439957.9043 22.1052 2.2457 -0.2174 0.0089 -0.0674 0.9928 0.0983
1779439958.0027 21.9081 2.2482 -0.2142 0.0134 -0.0617 0.9948 0.0804
1779439958.1033 21.7204 2.2054 -0.2178 0.0152 -0.0596 0.9967 0.0523
1779439958.2025 21.5500 2.1968 -0.2005 0.0184 -0.0537 0.9978 0.0333
1779439958.3034 21.3620 2.1991 -0.2192 0.0198 -0.0468 0.9986 0.0162
1779439958.4035 21.1784 2.1878 -0.2205 0.0202 -0.0387 0.9990 -0.0000
1779439958.5027 20.9950 2.1959 -0.2098 0.0207 -0.0288 0.9993 -0.0124
1779439958.6028 20.7978 2.1438 -0.1837 0.0204 -0.0238 0.9992 -0.0264
1779439958.7046 20.6091 2.1687 -0.1822 0.0221 -0.0216 0.9990 -0.0311
1779439958.8028 20.3834 2.1808 -0.1790 0.0236 -0.0205 0.9991 -0.0276
1779439958.9035 20.1910 2.1929 -0.1962 0.0233 -0.0238 0.9991 -0.0252
1779439959.0028 19.9668 2.1742 -0.2062 0.0227 -0.0250 0.9993 -0.0164
1779439959.1034 19.7387 2.1646 -0.1960 0.0215 -0.0276 0.9993 -0.0154
1779439959.2028 19.5139 2.1471 -0.1744 0.0203 -0.0289 0.9992 -0.0180
1779439959.3029 19.2646 2.0980 -0.1516 0.0213 -0.0281 0.9992 -0.0178
1779439959.4029 19.0190 2.1041 -0.1546 0.0277 -0.0263 0.9990 -0.0215
1779439959.5027 18.7752 2.0846 -0.1784 0.0288 -0.0214 0.9991 -0.0224
1779439959.6027 18.5170 2.0901 -0.1819 0.0246 -0.0174 0.9993 -0.0226
1779439959.7035 18.2767 2.0884 -0.1769 0.0217 -0.0163 0.9994 -0.0229
1779439959.9029 17.7664 2.0677 -0.1591 0.0131 -0.0215 0.9994 -0.0231
1779439960.0030 17.4886 2.0572 -0.1622 0.0166 -0.0233 0.9993 -0.0226
1779439960.1029 17.2235 2.0575 -0.1571 0.0155 -0.0263 0.9993 -0.0232
1779439960.2030 16.9475 2.0437 -0.1844 0.0180 -0.0275 0.9992 -0.0231
1779439960.3028 16.6866 2.0344 -0.1664 0.0191 -0.0285 0.9992 -0.0225
1779439960.4029 16.4019 2.0338 -0.1292 0.0236 -0.0296 0.9990 -0.0224
1779439960.5031 16.1161 2.0036 -0.1745 0.0234 -0.0280 0.9991 -0.0230
1779439960.6029 15.8263 2.0035 -0.1758 0.0241 -0.0286 0.9989 -0.0270
1779439960.7029 15.5348 1.9733 -0.1609 0.0234 -0.0283 0.9988 -0.0323
1779439960.8045 15.2559 1.9495 -0.1592 0.0168 -0.0281 0.9988 -0.0363
1779439960.9029 14.9730 1.9272 -0.1773 0.0187 -0.0265 0.9987 -0.0401
1779439961.0030 14.6789 1.8849 -0.1514 0.0213 -0.0261 0.9985 -0.0441
1779439961.1030 14.3949 1.8458 -0.1871 0.0182 -0.0252 0.9984 -0.0477
1779439961.2029 14.1093 1.8180 -0.1900 0.0167 -0.0241 0.9982 -0.0517
1779439961.3018 13.8289 1.7789 -0.1715 0.0189 -0.0235 0.9980 -0.0556
1779439961.4028 13.5205 1.7275 -0.1244 0.0187 -0.0224 0.9978 -0.0602
1779439961.5030 13.2132 1.6977 -0.1630 0.0236 -0.0172 0.9975 -0.0650
1779439961.7030 12.6126 1.6435 -0.1545 0.0246 -0.0082 0.9971 -0.0710
1779439961.8030 12.2782 1.6392 -0.1333 0.0245 -0.0035 0.9975 -0.0654
1779439961.9019 11.9696 1.6359 -0.1308 0.0257 0.0006 0.9980 -0.0580
1779439962.0031 11.6585 1.6211 -0.1377 0.0278 0.0031 0.9982 -0.0522
1779439962.1019 11.3539 1.6085 -0.1400 0.0262 0.0016 0.9985 -0.0472
1779439962.2029 11.0377 1.5867 -0.1336 0.0219 -0.0007 0.9989 -0.0418
1779439962.3031 10.7328 1.6000 -0.1222 0.0228 -0.0043 0.9991 -0.0354
1779439962.4019 10.4223 1.5951 -0.1311 0.0226 -0.0079 0.9994 -0.0253
1779439962.5031 10.1050 1.6209 -0.1376 0.0221 -0.0117 0.9996 -0.0145
1779439962.7030 9.4757 1.6268 -0.1375 0.0191 -0.0200 0.9996 -0.0021
1779439962.8033 9.1460 1.6276 -0.1113 0.0169 -0.0233 0.9996 -0.0032
1779439962.9019 8.8268 1.6359 -0.1397 0.0199 -0.0230 0.9995 -0.0031
1779439963.0031 8.4910 1.6376 -0.1388 0.0215 -0.0226 0.9995 -0.0027
1779439963.1019 8.1932 1.6255 -0.1128 0.0200 -0.0248 0.9995 -0.0041
1779439963.3031 7.5442 1.6443 -0.1674 0.0226 -0.0272 0.9994 -0.0067
1779439963.4020 7.2006 1.6093 -0.1140 0.0207 -0.0293 0.9993 -0.0121
1779439963.5031 6.8715 1.5997 -0.1693 0.0199 -0.0280 0.9993 -0.0174
1779439963.7019 6.2199 1.5463 -0.1409 0.0156 -0.0277 0.9991 -0.0283
1779439963.8032 5.8768 1.5267 -0.1288 0.0165 -0.0264 0.9990 -0.0316
1779439963.9033 5.5294 1.4945 -0.1210 0.0177 -0.0246 0.9989 -0.0356
1779439964.0022 5.1970 1.4820 -0.1021 0.0191 -0.0210 0.9988 -0.0407
1779439964.1020 4.8433 1.4705 -0.1207 0.0177 -0.0156 0.9987 -0.0445
1779439964.2022 4.4732 1.4651 -0.1119 0.0172 -0.0083 0.9987 -0.0476
1779439964.4031 3.7396 1.4446 -0.2365 0.0165 -0.0031 0.9991 -0.0390
1779439964.5030 3.3888 1.4689 -0.1300 0.0115 -0.0054 0.9995 -0.0296
1779439964.6033 3.0878 1.4495 -0.2103 0.0099 -0.0133 0.9996 -0.0222
1779439964.7022 2.7248 1.4462 -0.0942 0.0120 -0.0180 0.9996 -0.0154
1779439964.8021 2.3888 1.4692 -0.2182 0.0201 -0.0222 0.9995 -0.0099
1779439964.9032 2.0267 1.4504 -0.1409 0.0245 -0.0259 0.9993 -0.0126
1779439965.0022 1.6714 1.4625 -0.1899 0.0220 -0.0280 0.9992 -0.0162
1779439965.1032 1.2880 1.4632 -0.1812 0.0228 -0.0277 0.9992 -0.0170
1779439965.3022 0.5922 1.4237 -0.0950 0.0182 -0.0223 0.9993 -0.0228
1779439965.4034 0.2205 1.4116 -0.2412 0.0213 -0.0170 0.9992 -0.0298
1779439965.5022 -0.1559 1.3998 -0.1964 0.0144 -0.0155 0.9992 -0.0334
1779439965.6032 -0.5430 1.3816 0.1561 0.0260 -0.0142 0.9991 -0.0316
1779439965.7033 -0.9322 1.3486 0.1742 0.0494 -0.0152 0.9981 -0.0324
1779439965.8020 -1.3576 1.3794 -0.0670 0.0838 -0.0191 0.9960 -0.0231
1779439965.9032 -1.6892 1.3701 0.0309 0.0773 -0.0194 0.9968 -0.0111
1779439966.0033 -2.0610 1.4088 -0.0538 0.0750 -0.0241 0.9968 -0.0101
1779439966.1023 -2.4097 1.3769 0.0493 0.0778 -0.0211 0.9967 -0.0108
1779439966.2014 -2.7421 1.3438 0.0387 0.0776 -0.0179 0.9967 -0.0186
1779439966.3015 -3.0665 1.3208 0.1402 0.0729 -0.0132 0.9969 -0.0282
1779439966.4023 -3.4086 1.3332 0.1305 0.0691 -0.0077 0.9971 -0.0304
1779439966.5021 -3.7324 1.3281 0.0711 0.0678 -0.0101 0.9973 -0.0252
1779439966.6016 -4.0423 1.3342 0.0698 0.0666 -0.0115 0.9977 -0.0099
1779439966.7033 -4.3215 1.3614 0.2968 0.0603 -0.0173 0.9980 -0.0004
1779439966.8023 -4.6373 1.3784 0.1543 0.0607 -0.0212 0.9979 -0.0013
1779439966.9024 -4.9154 1.3582 0.1522 0.0593 -0.0218 0.9980 -0.0062
1779439967.0033 -5.1899 1.3236 0.2219 0.0556 -0.0233 0.9981 -0.0150
1779439967.1021 -5.4718 1.3178 0.2061 0.0514 -0.0222 0.9983 -0.0184
1779439967.2024 -5.7427 1.3105 0.2139 0.0484 -0.0235 0.9984 -0.0182
1779439967.3017 -6.0259 1.2985 0.2140 0.0429 -0.0268 0.9986 -0.0176
1779439967.4024 -6.3003 1.2892 0.2362 0.0407 -0.0259 0.9988 -0.0111
1779439967.5035 -6.5589 1.3101 0.2595 0.0373 -0.0286 0.9988 -0.0114
1779439967.7024 -7.0889 1.2376 0.2371 0.0303 -0.0230 0.9990 -0.0224
1779439967.8035 -7.3500 1.2302 0.2175 0.0253 -0.0198 0.9989 -0.0345
1779439967.9033 -7.5984 1.2220 0.2148 0.0230 -0.0136 0.9988 -0.0400
1779439968.0037 -7.8431 1.2260 0.2616 0.0187 -0.0101 0.9989 -0.0428
1779439968.1025 -8.1028 1.1844 0.2327 0.0165 -0.0052 0.9988 -0.0452
1779439968.2037 -8.3823 1.1506 0.1961 0.0155 0.0018 0.9990 -0.0429
1779439968.3034 -8.6371 1.1313 0.2553 0.0130 0.0053 0.9990 -0.0416
1779439968.4036 -8.9398 1.0991 0.1542 0.0111 0.0055 0.9994 -0.0318
1779439968.5044 -9.1816 1.1892 0.1981 0.0096 0.0021 0.9998 -0.0152
1779439968.7054 -9.6604 1.2516 0.1395 0.0017 -0.0110 0.9997 0.0238
1779439968.8053 -9.9197 1.3269 0.1542 -0.0011 -0.0188 0.9993 0.0325
1779439968.9039 -10.2069 1.3602 0.1120 -0.0057 -0.0252 0.9991 0.0324
1779439969.1037 -10.7561 1.3859 0.0818 -0.0121 -0.0338 0.9990 0.0257
1779439969.3057 -11.3122 1.3693 -0.0068 -0.0159 -0.0358 0.9991 0.0147
1779439969.4046 -11.6023 1.3217 0.0439 -0.0221 -0.0356 0.9991 0.0031
1779439969.6067 -12.1273 1.3057 -0.0458 -0.0257 -0.0242 0.9991 -0.0232
1779439969.7065 -12.4159 1.3049 -0.0570 -0.0284 -0.0173 0.9989 -0.0334
1779439969.8078 -12.6850 1.2560 -0.0851 -0.0298 -0.0111 0.9988 -0.0366
1779439969.9090 -12.9620 1.2611 -0.1300 -0.0305 -0.0067 0.9989 -0.0355
1779439970.1069 -13.5215 1.2420 -0.1725 -0.0338 -0.0001 0.9992 -0.0216
1779439970.2076 -13.7921 1.2735 -0.2288 -0.0338 0.0018 0.9993 -0.0147
1779439970.3076 -14.0975 1.3259 -0.2319 -0.0341 0.0043 0.9994 -0.0086
1779439970.4088 -14.3994 1.3592 -0.2567 -0.0367 0.0070 0.9993 -0.0019
1779439970.5087 -14.6852 1.3389 -0.2968 -0.0364 0.0080 0.9993 0.0065
1779439970.6093 -14.9961 1.3508 -0.2840 -0.0361 0.0059 0.9992 0.0170
1779439970.7066 -15.2863 1.4493 -0.0594 -0.0172 -0.0027 0.9993 0.0324
1779439970.8040 -15.6227 1.5153 0.0310 0.0009 -0.0121 0.9988 0.0480
1779439970.9046 -15.9744 1.5726 -0.2443 0.0316 -0.0149 0.9975 0.0612
1779439971.0040 -16.2957 1.5838 -0.3123 0.0285 -0.0162 0.9975 0.0629
1779439971.1048 -16.5782 1.6249 -0.3142 0.0188 -0.0195 0.9979 0.0593
1779439971.2040 -16.8357 1.6571 -0.2170 0.0146 -0.0275 0.9978 0.0588
1779439971.3047 -17.1307 1.6671 -0.2532 0.0179 -0.0328 0.9977 0.0570
1779439971.4056 -17.3967 1.6927 -0.2269 0.0203 -0.0388 0.9974 0.0565
1779439971.5045 -17.6696 1.7173 -0.2343 0.0221 -0.0409 0.9974 0.0548
1779439971.6046 -17.9301 1.7127 -0.2407 0.0212 -0.0435 0.9979 0.0441
1779439971.7041 -18.1783 1.6907 -0.2420 0.0221 -0.0436 0.9983 0.0320
1779439971.8041 -18.4022 1.6814 -0.2354 0.0209 -0.0444 0.9986 0.0189
1779439971.9041 -18.6366 1.6472 -0.2075 0.0184 -0.0470 0.9987 0.0086
1779439972.0057 -18.8583 1.6417 -0.1992 0.0217 -0.0473 0.9986 0.0014
1779439972.2039 -19.2729 1.5801 -0.2331 0.0221 -0.0473 0.9984 -0.0207
1779439972.3040 -19.4655 1.5555 -0.2376 0.0195 -0.0466 0.9982 -0.0328
1779439972.4041 -19.6447 1.5644 -0.2332 0.0200 -0.0481 0.9974 -0.0496
1779439972.5041 -19.8192 1.4996 -0.2197 0.0216 -0.0478 0.9966 -0.0635
1779439972.7057 -20.1337 1.4027 -0.2151 0.0220 -0.0503 0.9943 -0.0910
1779439972.8048 -20.2719 1.3252 -0.2164 0.0228 -0.0520 0.9930 -0.1039
1779439972.9048 -20.4370 1.2497 -0.2231 0.0248 -0.0542 0.9912 -0.1184
1779439973.0059 -20.5825 1.1984 -0.2239 0.0260 -0.0546 0.9890 -0.1351
1779439973.1042 -20.7205 1.1744 -0.2297 0.0256 -0.0558 0.9855 -0.1583
1779439973.3042 -20.9319 0.9789 -0.1901 0.0308 -0.0550 0.9763 -0.2072
1779439973.4042 -21.0136 0.8109 -0.1638 0.0347 -0.0536 0.9699 -0.2351
1779439973.5042 -21.0806 0.7090 -0.1870 0.0372 -0.0529 0.9623 -0.2641
1779439973.6039 -21.1701 0.5702 -0.1853 0.0389 -0.0526 0.9550 -0.2894
1779439973.7042 -21.2202 0.4361 -0.1869 0.0407 -0.0532 0.9465 -0.3156
1779439973.9047 -21.3297 0.2766 -0.1888 0.0459 -0.0502 0.9243 -0.3757
1779439974.0059 -21.3273 0.1078 -0.1892 0.0494 -0.0489 0.9096 -0.4097
1779439974.1058 -21.3228 -0.0556 -0.1880 0.0506 -0.0446 0.8935 -0.4440
1779439974.2050 -21.2414 -0.2466 -0.1790 0.0500 -0.0411 0.8748 -0.4802
1779439974.3038 -21.2095 -0.4010 -0.1928 0.0481 -0.0386 0.8537 -0.5171
1779439974.4043 -21.2007 -0.5335 -0.1804 0.0459 -0.0379 0.8305 -0.5539
1779439974.5043 -21.1588 -0.6839 -0.1753 0.0457 -0.0344 0.8055 -0.5898
1779439974.6043 -21.1225 -0.7943 -0.1942 0.0434 -0.0317 0.7817 -0.6214
1779439974.7042 -21.0101 -0.9169 -0.2048 0.0429 -0.0314 0.7566 -0.6517
1779439974.8042 -20.9459 -1.0325 -0.2127 0.0407 -0.0282 0.7294 -0.6823
1779439974.9048 -20.8554 -1.1327 -0.2124 -0.0371 0.0266 -0.7010 0.7117
1779439975.0050 -20.7643 -1.2226 -0.2070 -0.0360 0.0251 -0.6685 0.7424
1779439975.1044 -20.6795 -1.2819 -0.2168 -0.0350 0.0226 -0.6365 0.7701
1779439975.2043 -20.5545 -1.3395 -0.2151 -0.0342 0.0197 -0.6076 0.7932
1779439975.3043 -20.4582 -1.4147 -0.2360 -0.0344 0.0178 -0.5782 0.8150
1779439975.4023 -20.3553 -1.4775 -0.2545 -0.0367 0.0164 -0.5491 0.8348
1779439975.5040 -20.2282 -1.5126 -0.2375 -0.0400 0.0163 -0.5228 0.8514
1779439975.6030 -20.1240 -1.5559 -0.2625 -0.0424 0.0144 -0.4984 0.8658
1779439975.7023 -20.0497 -1.6391 -0.2647 -0.0437 0.0115 -0.4721 0.8804
1779439975.9041 -19.7462 -1.6861 -0.2814 -0.0464 0.0041 -0.4101 0.9108
1779439976.0031 -19.6230 -1.7032 -0.2912 -0.0515 0.0044 -0.3806 0.9233
1779439976.1022 -19.4996 -1.7515 -0.2617 -0.0546 0.0056 -0.3550 0.9333
1779439976.2022 -19.3113 -1.8353 -0.3353 -0.0555 0.0040 -0.3252 0.9440
1779439976.3024 -19.1501 -1.8592 -0.3884 -0.0552 0.0026 -0.2898 0.9555
1779439976.4024 -18.9606 -1.8907 -0.4012 -0.0521 0.0000 -0.2526 0.9662
1779439976.5031 -18.7472 -1.8717 -0.3904 -0.0502 -0.0018 -0.2064 0.9772
1779439976.7041 -18.4220 -1.7191 -0.3510 -0.0409 -0.0072 -0.1262 0.9911
1779439976.8041 -18.2750 -1.6477 -0.3073 -0.0413 -0.0083 -0.0947 0.9946
1779439976.9045 -18.1355 -1.6713 -0.2991 -0.0390 -0.0109 -0.0813 0.9959
1779439977.0032 -17.9473 -1.6761 -0.3317 -0.0408 -0.0125 -0.0661 0.9969
1779439977.1031 -17.7810 -1.6604 -0.3086 -0.0392 -0.0108 -0.0519 0.9978
1779439977.2040 -17.5669 -1.6597 -0.2890 -0.0366 -0.0127 -0.0365 0.9986
1779439977.3042 -17.3606 -1.5906 -0.2584 -0.0313 -0.0147 -0.0131 0.9993
1779439977.4044 -17.1575 -1.5722 -0.3038 -0.0220 -0.0184 0.0066 0.9996
1779439977.5042 -16.9407 -1.5278 -0.2650 -0.0146 -0.0176 0.0285 0.9993
1779439977.6042 -16.7183 -1.5273 -0.3066 -0.0060 -0.0201 0.0419 0.9989
1779439977.7045 -16.4662 -1.5042 -0.2615 -0.0016 -0.0200 0.0520 0.9984
1779439977.8033 -16.2380 -1.4654 -0.3184 -0.0003 -0.0197 0.0575 0.9981
1779439977.9045 -15.9958 -1.4733 -0.3192 0.0028 -0.0183 0.0538 0.9984
1779439978.0051 -15.7532 -1.4535 -0.2989 -0.0001 -0.0132 0.0548 0.9984
1779439978.1042 -15.4905 -1.4797 -0.1049 0.0011 -0.0236 0.0498 0.9985
1779439978.2024 -15.1911 -1.4224 -0.0940 -0.0037 -0.0392 0.0449 0.9982
1779439978.3022 -14.8936 -1.4780 -0.0377 -0.0065 -0.0605 0.0428 0.9972
1779439978.5014 -14.3217 -1.3126 -0.1618 -0.0020 -0.0829 0.0421 0.9957
1779439978.6017 -14.0770 -1.2815 -0.0820 -0.0023 -0.0782 0.0490 0.9957
1779439978.7024 -13.8404 -1.3229 -0.0282 0.0010 -0.0784 0.0586 0.9952
1779439978.8016 -13.5580 -1.2745 -0.0105 0.0065 -0.0773 0.0633 0.9950
1779439978.9024 -13.3017 -1.2735 0.0340 0.0123 -0.0728 0.0614 0.9954
1779439979.0030 -13.0142 -1.2529 0.1094 0.0127 -0.0700 0.0597 0.9957
1779439979.1017 -12.7433 -1.2553 0.1510 0.0136 -0.0702 0.0502 0.9962
1779439979.2025 -12.5029 -1.2674 0.1492 0.0109 -0.0719 0.0417 0.9965
1779439979.3016 -12.2609 -1.2542 0.1829 0.0090 -0.0708 0.0342 0.9969
1779439979.4024 -12.0174 -1.2839 0.1637 0.0083 -0.0697 0.0296 0.9971
1779439979.5026 -11.7856 -1.2438 0.1511 0.0052 -0.0674 0.0279 0.9973
1779439979.7025 -11.2901 -1.2509 0.2110 0.0001 -0.0606 0.0205 0.9980
1779439979.8025 -11.0424 -1.2612 0.2468 -0.0036 -0.0587 0.0159 0.9981
1779439979.9017 -10.7976 -1.2500 0.2604 -0.0064 -0.0578 0.0110 0.9982
1779439980.0025 -10.5667 -1.2480 0.2595 -0.0087 -0.0572 0.0116 0.9983
1779439980.1016 -10.3622 -1.2426 0.2759 -0.0122 -0.0546 0.0165 0.9983
1779439980.2017 -10.1458 -1.2381 0.2859 -0.0105 -0.0517 0.0210 0.9984
1779439980.3014 -9.8916 -1.2012 0.2831 -0.0068 -0.0487 0.0251 0.9985
1779439980.4019 -9.6746 -1.1895 0.2726 -0.0031 -0.0451 0.0329 0.9984
1779439980.5026 -9.4341 -1.1882 0.2814 0.0025 -0.0412 0.0388 0.9984
1779439980.6014 -9.1950 -1.1704 0.2501 0.0058 -0.0368 0.0454 0.9983
1779439980.7026 -8.9827 -1.1419 0.3503 0.0074 -0.0324 0.0491 0.9982
1779439980.8026 -8.7330 -1.1409 0.3357 0.0084 -0.0297 0.0440 0.9986
1779439980.9016 -8.4889 -1.1328 0.2859 0.0068 -0.0306 0.0386 0.9988
1779439981.0026 -8.2641 -1.1225 0.3810 0.0055 -0.0273 0.0355 0.9990
1779439981.3026 -7.5356 -1.1232 0.3436 0.0034 -0.0191 0.0229 0.9996
1779439981.4017 -7.2771 -1.1340 0.2835 0.0015 -0.0184 0.0183 0.9997
1779439981.5026 -7.0245 -1.1508 0.3184 0.0013 -0.0138 0.0124 0.9998
1779439981.7018 -6.4976 -1.1843 0.2287 -0.0013 -0.0089 0.0010 1.0000
1779439981.8026 -6.2345 -1.1967 0.2740 -0.0038 -0.0014 -0.0041 1.0000
1779439981.9033 -5.9690 -1.2119 0.2355 -0.0056 0.0017 -0.0090 0.9999
1779439982.0027 -5.6883 -1.2157 0.2258 -0.0064 0.0073 -0.0101 0.9999
1779439982.1033 -5.3962 -1.1968 0.2277 -0.0089 0.0116 -0.0045 0.9999
1779439982.2026 -5.1255 -1.1855 0.1623 -0.0089 0.0148 0.0004 0.9999
1779439982.3035 -4.8474 -1.1875 0.1738 -0.0092 0.0187 0.0067 0.9998
1779439982.4046 -4.5576 -1.2002 0.1288 -0.0112 0.0194 0.0128 0.9997
1779439982.5026 -4.2771 -1.2046 0.1292 -0.0141 0.0235 0.0129 0.9995
1779439982.6045 -3.9490 -1.2100 0.1025 -0.0198 0.0244 0.0150 0.9994
1779439982.7028 -3.6282 -1.2113 -0.0181 -0.0203 0.0263 0.0197 0.9993
1779439982.8038 -3.2986 -1.1854 -0.0012 -0.0193 0.0288 0.0294 0.9990
1779439982.9046 -2.9765 -1.0897 -0.0294 -0.0197 0.0341 0.0419 0.9983
1779439983.0037 -2.6754 -1.0495 -0.0529 -0.0146 0.0368 0.0479 0.9981
1779439983.1049 -2.3222 -1.0003 -0.1455 -0.0120 0.0356 0.0527 0.9979
1779439983.3054 -1.6421 -0.8805 -0.2032 -0.0045 0.0357 0.0637 0.9973
1779439983.4065 -1.2516 -0.8560 -0.1876 0.0001 0.0383 0.0713 0.9967
1779439983.5046 -0.8815 -0.8040 0.0630 0.0099 0.0334 0.0766 0.9965
1779439983.6045 -0.4539 -0.7342 -0.0679 0.0097 0.0007 0.0782 0.9969
1779439983.7034 0.0079 -0.7906 0.0656 0.0092 -0.0203 0.0694 0.9973
1779439983.9047 0.7996 -0.7160 -0.1937 -0.0006 -0.0227 0.0447 0.9987
1779439984.0037 1.1858 -0.7012 -0.1371 -0.0012 -0.0215 0.0424 0.9989
1779439984.1034 1.5850 -0.6239 -0.1556 0.0012 -0.0210 0.0463 0.9987
1779439984.2037 1.9732 -0.6190 -0.1700 0.0027 -0.0197 0.0587 0.9981
1779439984.3026 2.3809 -0.5660 -0.1197 0.0125 -0.0181 0.0637 0.9977
1779439984.4034 2.7874 -0.5242 -0.0706 0.0162 -0.0216 0.0662 0.9974
1779439984.5047 3.2303 -0.5167 -0.1816 0.0143 -0.0253 0.0574 0.9979
1779439984.6030 3.6068 -0.5133 -0.1323 0.0135 -0.0249 0.0447 0.9986
1779439984.7047 3.9803 -0.4920 -0.1508 0.0070 -0.0177 0.0413 0.9990
1779439984.8047 4.3979 -0.4912 -0.1545 0.0101 -0.0210 0.0373 0.9990
1779439984.9034 4.7661 -0.4199 -0.0982 0.0140 -0.0206 0.0381 0.9990
1779439985.0034 5.1544 -0.4044 -0.1544 0.0183 -0.0207 0.0437 0.9987
1779439985.1020 5.5402 -0.3914 -0.1601 0.0262 -0.0194 0.0457 0.9984
1779439985.2038 5.9222 -0.4135 -0.1660 0.0257 -0.0165 0.0430 0.9986
1779439985.3029 6.3145 -0.4661 -0.1156 0.0231 -0.0167 0.0282 0.9992
1779439985.4037 6.6905 -0.4461 -0.2187 0.0122 -0.0178 0.0134 0.9997
1779439985.5047 7.0735 -0.4633 -0.1587 0.0024 -0.0189 0.0049 0.9998
1779439985.6036 7.4405 -0.4916 -0.1967 -0.0073 -0.0128 -0.0024 0.9999
1779439985.7050 7.8562 -0.4350 -0.1713 -0.0182 -0.0159 -0.0011 0.9997
1779439985.8054 8.2707 -0.3839 -0.1444 -0.0239 -0.0133 0.0092 0.9996
1779439985.9048 8.6687 -0.3271 -0.1462 -0.0250 -0.0159 0.0236 0.9993
1779439986.0047 9.0437 -0.2812 -0.1987 -0.0213 -0.0181 0.0400 0.9988
1779439986.1036 9.4154 -0.2368 -0.1677 -0.0148 -0.0162 0.0530 0.9984
1779439986.2047 9.8054 -0.1889 -0.1405 -0.0115 -0.0128 0.0628 0.9979
1779439986.3048 10.1846 -0.1543 -0.1970 -0.0062 -0.0154 0.0673 0.9976
1779439986.4038 10.5680 -0.1142 -0.1022 -0.0005 -0.0173 0.0701 0.9974
1779439986.5047 10.9529 -0.0757 -0.1353 0.0032 -0.0191 0.0727 0.9972
1779439986.6048 11.3260 -0.0389 -0.1440 0.0088 -0.0207 0.0697 0.9973
1779439986.7038 11.7168 0.0013 -0.1478 0.0119 -0.0200 0.0666 0.9975
1779439986.8048 12.0779 0.0470 -0.1621 0.0157 -0.0165 0.0637 0.9977
1779439986.9046 12.4606 0.0497 -0.1077 0.0230 -0.0145 0.0590 0.9979
1779439987.0035 12.8281 0.0802 -0.1292 0.0274 -0.0165 0.0544 0.9980
1779439987.1030 13.2192 0.0536 -0.1835 0.0301 -0.0200 0.0440 0.9984
1779439987.2037 13.6042 0.0567 -0.1898 0.0315 -0.0206 0.0278 0.9989
1779439987.3039 13.9462 0.0353 -0.1558 0.0271 -0.0155 0.0139 0.9994
1779439987.4037 14.2997 0.0007 -0.1827 0.0222 -0.0126 -0.0022 0.9997
1779439987.5039 14.6492 -0.0503 -0.1592 0.0147 -0.0154 -0.0171 0.9996
1779439987.6058 14.9982 -0.0886 -0.1887 0.0059 -0.0133 -0.0295 0.9995
1779439987.7056 15.3616 -0.1049 -0.2097 -0.0012 -0.0104 -0.0383 0.9992
1779439987.8056 15.6940 -0.0955 -0.2080 -0.0107 -0.0056 -0.0399 0.9991
1779439987.9070 16.0463 -0.1274 -0.2051 -0.0177 -0.0062 -0.0388 0.9991
1779439988.0058 16.3840 -0.1406 -0.1674 -0.0241 -0.0049 -0.0348 0.9991
1779439988.1057 16.7254 -0.1307 -0.1823 -0.0310 -0.0063 -0.0285 0.9991
1779439988.2039 17.0611 -0.1378 -0.2136 -0.0386 -0.0099 -0.0218 0.9990
1779439988.3049 17.3993 -0.0900 -0.1823 -0.0459 -0.0094 -0.0139 0.9988
1779439988.4068 17.7145 -0.0713 -0.2228 -0.0519 -0.0102 -0.0001 0.9986
1779439988.6057 18.3189 0.0893 -0.1984 -0.0599 -0.0140 0.0424 0.9972
1779439988.7052 18.5920 0.1636 -0.2108 -0.0613 -0.0170 0.0675 0.9957
1779439988.8032 18.8440 0.2509 -0.2169 -0.0618 -0.0213 0.0938 0.9934
1779439988.9049 19.0933 0.3908 -0.2040 -0.0609 -0.0239 0.1208 0.9905
1779439989.0049 19.3229 0.5471 -0.2162 -0.0595 -0.0270 0.1496 0.9866
1779439989.1036 19.4977 0.6589 -0.2148 -0.0593 -0.0278 0.1781 0.9818
1779439989.2031 19.6623 0.8094 -0.2066 -0.0588 -0.0276 0.2029 0.9771
1779439989.3038 19.8263 0.9810 -0.2129 -0.0576 -0.0292 0.2315 0.9707
1779439989.4050 19.9663 1.1444 -0.2094 -0.0554 -0.0307 0.2655 0.9620
1779439989.5040 20.0531 1.3110 -0.2099 -0.0526 -0.0322 0.2984 0.9524
1779439989.7037 20.2509 1.6484 -0.2050 -0.0505 -0.0320 0.3599 0.9311
1779439989.8028 20.3124 1.8397 -0.1997 -0.0482 -0.0343 0.3957 0.9165
1779439989.9022 20.3178 2.0166 -0.1922 -0.0454 -0.0365 0.4339 0.8991
1779439990.0033 20.2932 2.1555 -0.1635 -0.0450 -0.0383 0.4668 0.8824
1779439990.1022 20.3324 2.3207 -0.1643 -0.0431 -0.0423 0.4938 0.8675
1779439990.2022 20.3828 2.5036 -0.1684 -0.0354 -0.0483 0.5267 0.8479
1779439990.3019 20.4044 2.6597 -0.1905 -0.0309 -0.0513 0.5665 0.8219
1779439990.4023 20.3399 2.8044 -0.1881 -0.0303 -0.0532 0.6062 0.7929
1779439990.5028 20.2392 2.9368 -0.1787 -0.0302 -0.0536 0.6414 0.7647
1779439990.6022 20.1466 3.0766 -0.1902 -0.0305 -0.0535 0.6746 0.7356
1779439990.7022 20.0225 3.1942 -0.1867 -0.0322 -0.0539 0.7062 0.7052
1779439990.8030 19.8972 3.2982 -0.1868 -0.0329 -0.0530 0.7370 0.6730
1779439990.9022 19.7306 3.3895 -0.1601 -0.0286 -0.0505 0.7700 0.6354
1779439991.0030 19.5788 3.4474 -0.1542 -0.0242 -0.0486 0.8028 0.5938
1779439991.1023 19.4801 3.4876 -0.1433 -0.0209 -0.0456 0.8323 0.5520
1779439991.2023 19.3904 3.5144 -0.1703 -0.0186 -0.0441 0.8587 0.5102
1779439991.3032 19.2352 3.5549 -0.1518 -0.0167 -0.0438 0.8819 0.4692
1779439991.4022 19.0901 3.5862 -0.1782 -0.0125 -0.0437 0.8976 0.4385
1779439991.5023 19.0026 3.6227 -0.1761 -0.0115 -0.0444 0.9095 0.4132
1779439991.6018 18.8806 3.6259 -0.1652 -0.0093 -0.0454 0.9222 0.3840
1779439991.7021 18.7541 3.6525 -0.1694 -0.0068 -0.0463 0.9333 0.3560
1779439991.8023 18.6352 3.6581 -0.1608 -0.0047 -0.0502 0.9437 0.3269
1779439992.0023 18.3635 3.6744 -0.1896 -0.0010 -0.0584 0.9588 0.2780
1779439992.1019 18.1835 3.6708 -0.2053 0.0012 -0.0621 0.9655 0.2527
1779439992.2019 18.0088 3.6205 -0.1884 0.0015 -0.0637 0.9723 0.2251
1779439992.3022 17.8410 3.5716 -0.1838 0.0024 -0.0634 0.9793 0.1922
1779439992.4019 17.6764 3.5637 -0.1818 0.0047 -0.0633 0.9861 0.1534
1779439992.5023 17.5162 3.5266 -0.1782 0.0050 -0.0611 0.9906 0.1222
1779439992.6032 17.3487 3.4827 -0.1867 0.0072 -0.0578 0.9940 0.0924
1779439992.7022 17.1593 3.4305 -0.1861 0.0098 -0.0557 0.9966 0.0603
1779439992.8023 17.0059 3.3763 -0.1703 0.0117 -0.0534 0.9979 0.0340
1779439992.9031 16.8081 3.3194 -0.1614 0.0155 -0.0499 0.9985 0.0156
1779439993.0021 16.6591 3.2914 -0.1484 0.0171 -0.0503 0.9986 0.0003
1779439993.1025 16.4713 3.2673 -0.1514 0.0209 -0.0490 0.9985 -0.0094
1779439993.2020 16.2829 3.2565 -0.1263 0.0220 -0.0484 0.9984 -0.0197
1779439993.3029 16.0838 3.2046 -0.1439 0.0266 -0.0454 0.9981 -0.0329
1779439993.4024 15.8761 3.1521 -0.1477 0.0265 -0.0387 0.9978 -0.0475
1779439993.6023 15.7195 1.9789 -0.1345 0.0213 -0.0225 0.9983 -0.0501
1779439993.7031 15.4796 1.9301 -0.1684 0.0214 -0.0131 0.9976 -0.0638
1779439993.8022 15.2995 2.0037 -0.1422 0.0175 -0.0082 0.9975 -0.0683
1779439993.9024 15.0833 1.9552 -0.1081 0.0167 -0.0040 0.9983 -0.0549
1779439994.0022 14.8660 1.9556 -0.1051 0.0215 -0.0049 0.9988 -0.0447
1779439994.1023 14.6201 1.9588 -0.1442 0.0212 -0.0047 0.9991 -0.0371
1779439994.2011 14.3753 1.9603 -0.1216 0.0150 -0.0075 0.9994 -0.0304
1779439994.3025 14.1290 1.9480 -0.1325 0.0128 -0.0114 0.9995 -0.0257
1779439994.4024 13.8413 1.9546 -0.1483 0.0148 -0.0152 0.9997 -0.0134
1779439994.5022 13.5733 1.9643 -0.1114 0.0139 -0.0231 0.9996 -0.0027
1779439994.6025 13.2969 1.9694 -0.1158 0.0182 -0.0288 0.9994 0.0058
1779439994.7031 13.0068 1.9809 -0.1238 0.0208 -0.0308 0.9993 0.0066
1779439994.8022 12.7377 1.9300 -0.1275 0.0210 -0.0357 0.9991 -0.0011
1779439994.9024 12.4445 1.9188 -0.1118 0.0236 -0.0335 0.9991 -0.0064
1779439995.0026 12.1642 1.9144 -0.1040 0.0236 -0.0328 0.9991 -0.0136
1779439995.1024 11.8585 1.8854 -0.1193 0.0240 -0.0315 0.9990 -0.0224
1779439995.2024 11.5508 1.8684 -0.0998 0.0243 -0.0312 0.9988 -0.0305
1779439995.3021 11.2494 1.8330 -0.0874 0.0219 -0.0313 0.9985 -0.0386
1779439995.4024 10.9365 1.7907 -0.1152 0.0231 -0.0272 0.9984 -0.0439
1779439995.5031 10.6492 1.7854 -0.0794 0.0247 -0.0226 0.9981 -0.0513
1779439995.6023 10.3463 1.7370 -0.1088 0.0221 -0.0180 0.9980 -0.0571
1779439995.7024 10.0245 1.7380 -0.1202 0.0206 -0.0147 0.9981 -0.0561
1779439995.9023 9.4013 1.7240 -0.0908 0.0182 -0.0084 0.9985 -0.0512
1779439996.0024 9.0773 1.7072 -0.0749 0.0213 -0.0035 0.9986 -0.0478
1779439996.1021 8.7566 1.6718 -0.1333 0.0207 0.0015 0.9989 -0.0425
1779439996.2024 8.4011 1.6255 -0.1062 0.0205 0.0045 0.9993 -0.0317
1779439996.3009 8.1009 1.6677 -0.1098 0.0183 0.0020 0.9997 -0.0175
1779439996.4022 7.7790 1.7219 -0.1003 0.0187 -0.0081 0.9998 -0.0050
1779439996.5024 7.4624 1.7831 -0.1273 0.0209 -0.0213 0.9995 0.0080
1779439996.7025 6.7950 1.7833 -0.1723 0.0170 -0.0405 0.9989 0.0190
1779439996.8031 6.4576 1.7675 -0.1500 0.0122 -0.0451 0.9989 0.0101
1779439996.9022 6.1365 1.7398 -0.1126 0.0086 -0.0477 0.9988 0.0022
1779439997.0032 5.7841 1.7291 -0.0505 0.0058 -0.0490 0.9988 -0.0039
1779439997.1011 5.4219 1.6996 -0.0925 0.0165 -0.0451 0.9988 -0.0136
1779439997.2034 5.0757 1.6823 -0.1109 0.0168 -0.0395 0.9988 -0.0236
1779439997.3026 4.7235 1.6474 -0.0936 0.0213 -0.0339 0.9986 -0.0356
1779439997.4022 4.3770 1.5837 -0.0663 0.0179 -0.0303 0.9985 -0.0417
1779439997.5026 4.0014 1.5263 -0.2237 0.0189 -0.0264 0.9984 -0.0452
1779439997.6035 3.6606 1.5170 -0.0567 0.0071 -0.0260 0.9982 -0.0534
1779439997.7024 3.3150 1.4663 -0.2830 0.0110 -0.0208 0.9980 -0.0584
1779439997.8025 2.9301 1.4196 0.0119 0.0091 -0.0185 0.9982 -0.0556
1779439997.9034 2.5508 1.4108 -0.2147 0.0185 -0.0196 0.9983 -0.0509
1779439998.0023 2.1752 1.3923 -0.1204 0.0225 -0.0194 0.9987 -0.0413
1779439998.1025 1.8157 1.4573 -0.1535 0.0216 -0.0218 0.9989 -0.0341
1779439998.2025 1.4400 1.4650 -0.2033 0.0227 -0.0235 0.9990 -0.0293
1779439998.3024 1.0744 1.4932 -0.1794 0.0205 -0.0216 0.9991 -0.0294
1779439998.4026 0.7027 1.4463 -0.1762 0.0166 -0.0216 0.9990 -0.0364
1779439998.5024 0.3333 1.3924 -0.2182 0.0212 -0.0184 0.9987 -0.0433
1779439998.6026 -0.0450 1.3785 -0.1330 0.0111 -0.0164 0.9986 -0.0481
1779439998.7028 -0.4546 1.3329 0.2675 0.0217 -0.0131 0.9982 -0.0546
1779439998.8024 -0.8756 1.1768 0.2584 0.0449 -0.0151 0.9977 -0.0478
1779439998.9026 -1.3260 1.2160 -0.1001 0.0824 -0.0169 0.9960 -0.0303
1779439999.1026 -2.0464 1.3022 -0.0697 0.0738 -0.0256 0.9968 -0.0138
1779439999.2021 -2.3949 1.2660 0.0788 0.0779 -0.0271 0.9964 -0.0217
1779439999.3021 -2.7573 1.2592 0.0489 0.0755 -0.0256 0.9963 -0.0315
1779439999.4023 -3.1074 1.2440 0.0748 0.0723 -0.0224 0.9964 -0.0372
1779439999.5022 -3.4460 1.2288 0.1075 0.0669 -0.0203 0.9967 -0.0411
1779439999.6024 -3.7440 1.1524 0.1966 0.0617 -0.0192 0.9970 -0.0429
1779439999.7027 -4.0843 1.1251 0.1027 0.0613 -0.0196 0.9969 -0.0459
1779439999.8022 -4.3949 1.1120 0.3080 0.0574 -0.0189 0.9969 -0.0499
1779439999.9025 -4.7118 1.0592 0.2537 0.0536 -0.0167 0.9971 -0.0520
1779440000.0027 -5.0466 1.0413 0.2246 0.0526 -0.0158 0.9971 -0.0529
1779440000.1022 -5.3460 1.0198 0.2278 0.0503 -0.0127 0.9974 -0.0492
1779440000.3023 -5.9509 0.9739 0.2133 0.0427 -0.0131 0.9982 -0.0391
1779440000.4028 -6.2473 1.0029 0.3088 0.0377 -0.0133 0.9986 -0.0346
1779440000.5036 -6.5367 1.0010 0.2774 0.0344 -0.0128 0.9988 -0.0338
1779440000.6022 -6.8114 0.9839 0.2215 0.0316 -0.0090 0.9990 -0.0314
1779440000.7033 -7.1015 0.9744 0.2850 0.0252 -0.0073 0.9992 -0.0299
1779440000.8033 -7.4044 0.9363 0.2849 0.0218 -0.0096 0.9993 -0.0272
1779440000.9025 -7.6869 0.9188 0.2379 0.0192 -0.0106 0.9996 -0.0163
1779440001.0027 -7.9541 0.9455 0.2489 0.0163 -0.0148 0.9997 -0.0062
1779440001.1024 -8.2143 1.0117 0.2792 0.0132 -0.0193 0.9997 -0.0004
1779440001.2034 -8.5081 1.0028 0.2942 0.0099 -0.0232 0.9997 0.0034
1779440001.3025 -8.7928 1.0069 0.1617 0.0103 -0.0261 0.9996 0.0003
1779440001.4025 -9.0692 0.9868 0.2785 0.0054 -0.0273 0.9996 -0.0014
1779440001.5036 -9.3514 0.9883 0.2202 0.0025 -0.0288 0.9996 -0.0010
1779440001.6026 -9.6222 1.0061 0.1497 0.0003 -0.0302 0.9995 -0.0030
1779440001.7034 -9.9130 1.0055 0.2020 -0.0047 -0.0325 0.9995 -0.0037
1779440001.9042 -10.4947 0.9866 0.1338 -0.0116 -0.0391 0.9991 -0.0092
1779440002.0036 -10.7787 0.9805 0.1013 -0.0139 -0.0403 0.9989 -0.0179
1779440002.1027 -11.0545 0.9364 0.0901 -0.0169 -0.0408 0.9986 -0.0291
1779440002.2044 -11.3381 0.9103 0.0555 -0.0187 -0.0385 0.9983 -0.0388
1779440002.3053 -11.6311 0.8959 0.0343 -0.0207 -0.0342 0.9980 -0.0486
1779440002.4053 -11.9191 0.8711 -0.0180 -0.0231 -0.0278 0.9976 -0.0582
1779440002.5055 -12.1990 0.8153 -0.0228 -0.0262 -0.0201 0.9972 -0.0671
1779440002.6064 -12.5094 0.7680 -0.0319 -0.0286 -0.0090 0.9966 -0.0771
1779440002.7058 -12.8188 0.6755 -0.0925 -0.0321 0.0046 0.9960 -0.0834
1779440002.8063 -13.1642 0.6221 -0.1558 -0.0302 0.0184 0.9958 -0.0842
1779440002.9063 -13.4999 0.5674 -0.1330 -0.0353 0.0316 0.9961 -0.0738
1779440003.0058 -13.8602 0.5648 -0.2099 -0.0357 0.0418 0.9968 -0.0585
1779440003.1058 -14.1981 0.5747 -0.2610 -0.0377 0.0506 0.9971 -0.0419
1779440003.2037 -14.5387 0.6129 -0.2849 -0.0383 0.0567 0.9973 -0.0252
1779440003.3036 -14.9000 0.7195 -0.3037 -0.0376 0.0632 0.9973 -0.0053
1779440003.5034 -15.6193 0.8594 -0.2125 0.0007 0.0751 0.9956 0.0557
1779440003.6037 -16.0036 1.0324 -0.1164 0.0197 0.0790 0.9931 0.0843
1779440003.7056 -16.3476 1.1203 -0.3753 0.0389 0.0726 0.9899 0.1154
1779440003.8046 -16.6739 1.3278 -0.3006 0.0375 0.0793 0.9862 0.1408
1779440003.9044 -16.9429 1.4690 -0.2435 0.0243 0.0879 0.9827 0.1612
1779440004.0028 -17.2263 1.7097 -0.3090 0.0394 0.0829 0.9772 0.1914
1779440004.1044 -17.5573 1.9924 -0.2630 0.0478 0.0833 0.9682 0.2308
1779440004.2035 -17.7808 2.2644 -0.2674 0.0502 0.0855 0.9572 0.2719
1779440004.3045 -17.9626 2.5027 -0.2792 0.0531 0.0816 0.9450 0.3123
1779440004.5027 -18.3611 3.0866 -0.2648 0.0622 0.0768 0.9183 0.3833
1779440004.6026 -18.4743 3.3920 -0.2622 0.0643 0.0720 0.9027 0.4194
1779440004.7028 -18.5910 3.6641 -0.2396 0.0666 0.0648 0.8857 0.4550
1779440004.9028 -18.8342 4.2316 -0.1953 0.0642 0.0605 0.8530 0.5144
1779440005.0028 -18.8610 4.5300 -0.1648 0.0643 0.0543 0.8367 0.5412
1779440005.1013 -18.8910 4.8301 -0.1608 0.0639 0.0497 0.8203 0.5661
1779440005.2026 -18.9046 5.1294 -0.1398 0.0621 0.0431 0.8044 0.5893
1779440005.3014 -18.9092 5.4403 -0.0888 0.0588 0.0360 0.7870 0.6131
1779440005.4028 -18.8852 5.7442 -0.1376 0.0546 0.0256 0.7702 0.6350
1779440005.5028 -18.8904 6.0582 -0.0885 0.0496 0.0166 0.7530 0.6559
1779440005.6026 -18.8609 6.3581 -0.0505 0.0412 0.0097 0.7382 0.6733
1779440005.7026 -18.8202 6.6625 -0.0577 0.0346 -0.0011 0.7278 0.6849
1779440005.9025 -18.8232 7.2801 -0.0512 0.0269 -0.0112 0.7239 0.6893
1779440006.0025 -18.8342 7.5825 -0.0835 0.0259 -0.0129 0.7250 0.6882
1779440006.1028 -18.8387 7.8893 -0.0860 0.0274 -0.0118 0.7254 0.6877
1779440006.2026 -18.8542 8.2116 -0.0736 0.0261 -0.0101 0.7260 0.6872
1779440006.3025 -18.8637 8.5307 -0.0299 0.0250 -0.0104 0.7261 0.6870
1779440006.5026 -18.8664 9.1764 -0.0384 0.0254 -0.0109 0.7187 0.6948
1779440006.6026 -18.8676 9.4898 -0.0494 0.0245 -0.0123 0.7153 0.6982
1779440006.7027 -18.8602 9.8063 -0.1114 0.0197 -0.0106 0.7118 0.7020
1779440006.8030 -18.8549 10.1381 -0.1210 0.0178 -0.0114 0.7077 0.7062
1779440006.9025 -18.8430 10.4464 -0.1490 0.0119 -0.0055 0.7048 0.7093
1779440007.0030 -18.8233 10.7898 -0.0658 0.0124 -0.0038 0.7006 0.7134
1779440007.1029 -18.8208 11.1149 -0.0772 0.0124 -0.0018 0.6964 0.7176
1779440007.3035 -18.7506 11.7819 -0.0982 0.0116 -0.0017 0.6884 0.7252
1779440007.4036 -18.7134 12.1234 -0.1521 0.0110 -0.0066 0.6843 0.7291
