1779439896.4051 0.0000 0.0000 0.0000 0.0000 0.0000 0.0000 1.0000
1779439896.5034 0.3787 0.0099 0.0628 0.0054 0.0040 0.0074 1.0000
1779439896.6049 0.7984 0.0142 -0.0044 0.0124 0.0046 0.0104 0.9999
1779439896.7052 1.2060 0.0016 0.0213 0.0153 0.0061 0.0124 0.9998
1779439896.8048 1.6178 -0.0262 -0.0414 0.0165 0.0044 0.0078 0.9998
1779439896.9052 2.0487 -0.0372 -0.0189 0.0139 0.0038 0.0017 0.9999
1779439897.0051 2.4720 -0.0524 -0.0253 0.0137 0.0058 -0.0019 0.9999
1779439897.2033 3.3588 -0.1050 -0.1073 0.0151 0.0034 -0.0093 0.9998
1779439897.4052 4.2317 -0.1493 -0.2446 0.0157 -0.0036 -0.0148 0.9998
1779439897.5037 4.6733 -0.1605 -0.1832 0.0117 -0.0021 -0.0152 0.9998
1779439897.6053 5.0947 -0.1938 -0.1845 0.0095 0.0060 -0.0153 0.9998
1779439897.7054 5.5279 -0.2237 -0.1731 0.0029 0.0014 -0.0170 0.9998
1779439897.8052 5.9601 -0.2492 -0.1808 -0.0030 0.0034 -0.0169 0.9998
1779439897.9055 6.3636 -0.2454 -0.2613 -0.0075 0.0002 -0.0177 0.9998
1779439898.0053 6.8133 -0.2639 -0.1828 -0.0132 0.0031 -0.0178 0.9997
1779439898.1056 7.2399 -0.2684 -0.3268 -0.0103 0.0034 -0.0153 0.9998
1779439898.2035 7.6738 -0.2563 -0.2887 -0.0092 0.0029 -0.0075 0.9999
1779439898.3036 8.0847 -0.2494 -0.2599 -0.0051 0.0069 0.0008 1.0000
1779439898.4053 8.5299 -0.2366 -0.3827 0.0010 0.0018 0.0085 1.0000
1779439898.5035 8.9470 -0.2319 -0.3009 0.0042 0.0048 0.0158 0.9999
1779439898.6058 9.3389 -0.2356 -0.3781 0.0072 0.0081 0.0163 0.9998
1779439898.7057 9.7685 -0.2218 -0.3874 0.0047 0.0029 0.0110 0.9999
1779439898.8037 10.1979 -0.2459 -0.3586 0.0017 0.0054 0.0063 1.0000
1779439898.9056 10.6261 -0.2527 -0.4524 0.0021 0.0054 0.0010 1.0000
1779439899.0038 11.0787 -0.2746 -0.4820 0.0023 0.0047 -0.0015 1.0000
1779439899.2039 11.9523 -0.2677 -0.5255 0.0047 0.0067 0.0032 1.0000
1779439899.3039 12.4098 -0.2417 -0.5339 0.0042 0.0053 0.0060 1.0000
1779439899.4056 12.8463 -0.2569 -0.5111 0.0041 0.0084 0.0093 0.9999
1779439899.5045 13.2815 -0.2532 -0.5379 0.0042 0.0063 0.0106 0.9999
1779439899.6062 13.7211 -0.2461 -0.6279 0.0054 0.0024 0.0133 0.9999
1779439899.7075 14.1735 -0.2391 -0.6025 0.0063 0.0036 0.0147 0.9999
1779439899.8081 14.5939 -0.2380 -0.6176 0.0123 0.0111 0.0150 0.9998
1779439900.0059 15.4506 -0.2771 -0.6189 0.0242 0.0073 0.0112 0.9996
1779439900.1059 15.8977 -0.2846 -0.7258 0.0301 0.0077 0.0056 0.9995
1779439900.2041 16.3287 -0.3240 -0.7015 0.0262 0.0076 -0.0029 0.9996
1779439900.3053 16.7662 -0.3577 -0.6971 0.0205 0.0055 -0.0180 0.9996
1779439900.4039 17.2220 -0.3753 -0.6930 0.0083 0.0015 -0.0289 0.9995
1779439900.6061 18.1093 -0.4280 -0.7655 -0.0133 0.0059 -0.0375 0.9992
1779439900.7042 18.5970 -0.4530 -0.8804 -0.0165 0.0086 -0.0313 0.9993
1779439900.8044 19.0369 -0.4682 -0.8619 -0.0179 0.0126 -0.0228 0.9995
1779439900.9049 19.4695 -0.4716 -0.8954 -0.0129 0.0176 -0.0144 0.9997
1779439901.0044 19.9272 -0.4327 -0.8821 -0.0103 0.0182 -0.0039 0.9998
1779439901.1030 20.3708 -0.4580 -0.8511 -0.0083 0.0070 0.0069 0.9999
1779439901.2042 20.8143 -0.4738 -0.8994 -0.0050 -0.0018 0.0083 1.0000
1779439901.3045 21.2664 -0.4800 -0.9868 -0.0015 -0.0034 0.0065 1.0000
1779439901.4042 21.7131 -0.4651 -0.9759 -0.0017 0.0014 0.0063 1.0000
1779439901.5045 22.1404 -0.4860 -1.0046 0.0022 0.0033 0.0052 1.0000
1779439901.6047 22.5918 -0.4951 -0.9506 0.0033 0.0012 0.0040 1.0000
1779439901.7046 23.0143 -0.4888 -1.0349 0.0096 0.0005 0.0029 0.9999
1779439901.8046 23.4578 -0.4972 -1.0691 0.0123 -0.0030 0.0016 0.9999
1779439901.9053 23.9049 -0.5269 -0.9684 0.0114 0.0055 0.0016 0.9999
1779439902.0045 24.3557 -0.5455 -1.1013 0.0107 0.0033 0.0015 0.9999
1779439902.1035 24.7892 -0.5634 -1.0839 0.0037 0.0013 -0.0012 1.0000
1779439902.3049 25.6665 -0.5971 -1.1712 -0.0051 0.0059 -0.0094 0.9999
1779439902.4035 26.1188 -0.6057 -1.1457 -0.0098 0.0098 -0.0124 0.9998
1779439902.5046 26.5757 -0.6032 -1.1887 -0.0097 0.0058 -0.0093 0.9999
1779439902.6049 27.0202 -0.5802 -1.1537 -0.0094 0.0047 -0.0019 0.9999
1779439902.7046 27.4425 -0.6094 -1.2585 -0.0046 0.0044 0.0044 1.0000
1779439902.8049 27.9024 -0.5994 -1.2625 -0.0031 0.0052 0.0101 0.9999
1779439902.9056 28.3320 -0.5928 -1.2837 -0.0036 0.0103 0.0157 0.9998
1779439903.0051 28.7860 -0.5842 -1.3183 -0.0034 0.0123 0.0179 0.9998
1779439903.1047 29.2305 -0.5843 -1.3015 -0.0033 0.0126 0.0203 0.9997
1779439903.2048 29.6891 -0.5478 -1.2720 -0.0004 0.0062 0.0211 0.9998
1779439903.3050 30.1512 -0.5403 -1.3538 0.0048 0.0033 0.0211 0.9998
1779439903.4039 30.6096 -0.5370 -1.4327 0.0104 0.0006 0.0223 0.9997
1779439903.5053 31.0569 -0.5392 -1.4143 0.0154 0.0076 0.0216 0.9996
1779439903.6071 31.5005 -0.5127 -1.4539 0.0200 0.0081 0.0197 0.9996
1779439903.8074 32.3990 -0.4905 -1.4401 0.0258 0.0043 0.0182 0.9995
1779439903.9074 32.8491 -0.4971 -1.5323 0.0250 0.0018 0.0068 0.9997
1779439904.0058 33.2784 -0.5305 -1.5239 0.0212 0.0043 -0.0076 0.9997
1779439904.1040 33.7279 -0.5748 -1.5837 0.0140 0.0031 -0.0180 0.9997
1779439904.2052 34.1793 -0.6102 -1.5995 0.0079 0.0041 -0.0241 0.9997
1779439904.3055 34.6263 -0.6391 -1.6487 0.0031 0.0103 -0.0255 0.9996
1779439904.4041 35.0596 -0.6707 -1.6499 -0.0010 0.0144 -0.0263 0.9996
1779439904.5053 35.5389 -0.7052 -1.5878 -0.0087 0.0114 -0.0240 0.9996
1779439904.6043 35.9879 -0.7222 -1.6439 -0.0148 0.0033 -0.0192 0.9997
1779439904.7034 36.4601 -0.7503 -1.6581 -0.0216 -0.0029 -0.0143 0.9997
1779439904.8041 36.9130 -0.7331 -1.7251 -0.0233 -0.0044 -0.0062 0.9997
1779439904.9055 37.3512 -0.7123 -1.6958 -0.0231 -0.0030 0.0028 0.9997
1779439905.0055 37.7735 -0.6953 -1.7079 -0.0184 0.0009 0.0118 0.9998
1779439905.2057 38.6567 -0.6379 -1.6689 -0.0034 0.0031 0.0311 0.9995
1779439905.3056 39.0848 -0.6075 -1.7441 0.0090 -0.0006 0.0369 0.9993
1779439905.4044 39.5203 -0.5712 -1.7480 0.0197 0.0019 0.0437 0.9988
1779439905.5046 39.9463 -0.5359 -1.8235 0.0279 0.0022 0.0424 0.9987
1779439905.6056 40.4113 -0.5374 -1.7969 0.0306 0.0054 0.0323 0.9990
1779439905.8055 41.3015 -0.5540 -1.8328 0.0298 0.0059 0.0080 0.9995
1779439906.0046 42.1772 -0.6213 -1.8750 0.0265 0.0025 -0.0085 0.9996
1779439906.1038 42.5975 -0.6323 -1.9203 0.0265 0.0047 -0.0148 0.9995
1779439906.2038 43.0489 -0.6393 -1.9549 0.0227 0.0031 -0.0185 0.9996
1779439906.3046 43.4620 -0.7093 -1.9289 0.0209 0.0085 -0.0218 0.9995
1779439906.5037 44.3023 -0.7667 -1.9885 0.0062 0.0096 -0.0298 0.9995
1779439906.6039 44.7505 -0.8239 -2.0319 -0.0012 0.0109 -0.0322 0.9994
1779439906.7034 45.1748 -0.8627 -2.0726 -0.0062 0.0099 -0.0358 0.9993
1779439906.8038 45.6321 -0.8919 -2.0756 -0.0134 0.0091 -0.0348 0.9993
1779439906.9049 46.0670 -0.9200 -2.0842 -0.0189 0.0112 -0.0313 0.9993
1779439907.0037 46.5159 -0.9545 -2.1378 -0.0177 0.0090 -0.0253 0.9995
1779439907.1035 46.9722 -0.9219 -2.1210 -0.0180 0.0052 -0.0116 0.9998
1779439907.2042 47.4066 -0.9497 -2.1196 -0.0128 0.0078 0.0026 0.9999
1779439907.3040 47.8230 -0.9310 -2.2011 -0.0078 0.0038 0.0103 0.9999
1779439907.4039 48.2197 -0.9219 -2.1763 -0.0086 0.0044 0.0085 0.9999
1779439907.5040 48.6536 -0.9075 -2.2444 -0.0085 0.0064 0.0026 0.9999
1779439907.6044 49.0995 -0.9266 -2.2118 -0.0134 0.0038 -0.0001 0.9999
1779439907.7043 49.5325 -0.9160 -2.2589 -0.0157 0.0074 -0.0025 0.9998
1779439907.8041 49.9679 -0.9149 -2.2987 -0.0193 0.0025 -0.0026 0.9998
1779439907.9044 50.4134 -0.9029 -2.2554 -0.0220 0.0048 0.0031 0.9997
1779439908.0039 50.8124 -0.8455 -2.3178 -0.0181 0.0046 0.0166 0.9997
1779439908.1038 51.2366 -0.8161 -2.3260 -0.0121 0.0019 0.0315 0.9994
1779439908.2042 51.6632 -0.8023 -2.3576 -0.0035 0.0033 0.0429 0.9991
1779439908.3041 52.0909 -0.7396 -2.3944 0.0048 0.0058 0.0492 0.9988
1779439908.4037 52.5090 -0.7247 -2.3849 0.0120 0.0069 0.0492 0.9987
1779439908.5040 52.9510 -0.7239 -2.3607 0.0187 0.0075 0.0472 0.9987
1779439908.6043 53.4114 -0.7218 -2.4072 0.0263 0.0013 0.0399 0.9989
1779439908.7039 53.8528 -0.6943 -2.4460 0.0315 0.0003 0.0299 0.9991
1779439908.8044 54.2667 -0.6923 -2.4688 0.0356 0.0035 0.0230 0.9991
1779439908.9046 54.7097 -0.7159 -2.4858 0.0351 0.0039 0.0160 0.9992
1779439909.0043 55.1275 -0.7522 -2.4682 0.0332 0.0052 0.0087 0.9994
1779439909.1041 55.5707 -0.7941 -2.5195 0.0314 0.0051 -0.0017 0.9995
1779439909.2042 55.9786 -0.8103 -2.5570 0.0259 0.0054 -0.0105 0.9996
1779439909.5054 57.2522 -0.9273 -2.6366 0.0121 0.0046 -0.0354 0.9993
1779439909.6055 57.6987 -0.9604 -2.6546 0.0067 0.0040 -0.0371 0.9993
1779439909.7045 58.0974 -0.9636 -2.6473 0.0034 0.0075 -0.0379 0.9992
1779439909.9056 58.9626 -1.0124 -2.6803 -0.0053 0.0088 -0.0298 0.9995
1779439910.0046 59.4126 -1.0236 -2.7443 -0.0053 0.0066 -0.0272 0.9996
1779439910.1029 59.8571 -1.0450 -2.7453 -0.0086 0.0073 -0.0236 0.9997
1779439910.2048 60.2874 -1.1033 -2.7772 -0.0122 0.0078 -0.0224 0.9996
1779439910.3048 60.7463 -1.1150 -2.8009 -0.0141 0.0067 -0.0254 0.9996
1779439910.4045 61.1730 -1.1403 -2.8134 -0.0147 0.0097 -0.0226 0.9996
1779439910.5048 61.6547 -1.1587 -2.8515 -0.0133 0.0028 -0.0146 0.9998
1779439910.6051 62.0972 -1.1850 -2.8613 -0.0109 0.0040 -0.0068 0.9999
1779439910.7046 62.5257 -1.1806 -2.9010 -0.0092 0.0041 -0.0002 0.9999
1779439910.9052 63.4301 -1.1726 -2.9152 -0.0070 0.0064 0.0065 0.9999
1779439911.0046 63.8732 -1.1902 -2.9502 -0.0053 0.0062 0.0105 0.9999
1779439911.2060 64.7412 -1.1834 -2.9854 0.0003 0.0074 0.0135 0.9999
1779439911.3073 65.1776 -1.1956 -2.9703 0.0003 0.0061 0.0112 0.9999
1779439911.4051 65.6233 -1.2218 -3.0285 0.0094 0.0073 0.0064 0.9999
1779439911.5053 66.0860 -1.1961 -3.0511 0.0128 0.0070 0.0120 0.9998
1779439911.6072 66.5187 -1.1935 -3.0580 0.0181 0.0098 0.0123 0.9997
1779439911.7061 66.9373 -1.2054 -3.0797 0.0197 0.0092 0.0044 0.9998
1779439911.9063 67.7856 -1.1966 -3.1189 0.0155 0.0074 -0.0123 0.9998
1779439912.0050 68.2213 -1.2221 -3.1545 0.0148 0.0078 -0.0153 0.9997
1779439912.1033 68.6735 -1.2580 -3.1710 0.0150 0.0047 -0.0185 0.9997
1779439912.2047 69.1153 -1.2810 -3.1766 0.0166 0.0060 -0.0234 0.9996
1779439912.4034 69.9765 -1.3592 -3.2519 0.0140 0.0050 -0.0327 0.9994
1779439912.5034 70.4403 -1.3992 -3.2304 0.0083 0.0054 -0.0350 0.9993
1779439912.6048 70.8509 -1.4414 -3.2746 0.0029 0.0074 -0.0369 0.9993
1779439912.7034 71.2855 -1.4877 -3.3461 -0.0033 0.0081 -0.0400 0.9992
1779439913.2029 73.4923 -1.6665 -3.4365 -0.0027 0.0084 -0.0183 0.9998
1779439913.4029 74.3985 -1.6624 -3.4576 0.0051 0.0038 -0.0086 0.9999
1779439913.5035 74.8302 -1.6567 -3.5127 0.0075 0.0005 -0.0069 0.9999
1779439913.6052 75.2499 -1.6871 -3.5407 0.0074 0.0037 -0.0104 0.9999
1779439913.8031 76.1000 -1.7530 -3.5479 0.0046 0.0146 -0.0233 0.9996
1779439913.9039 76.5685 -1.7913 -3.5693 0.0014 0.0099 -0.0287 0.9995
1779439914.0038 77.0126 -1.8093 -3.5775 0.0002 0.0077 -0.0322 0.9995
1779439914.1037 77.4618 -1.8901 -3.5543 -0.0032 0.0125 -0.0306 0.9994
1779439914.3053 78.3293 -1.9338 -3.6297 -0.0091 0.0121 -0.0267 0.9995
1779439914.5032 79.1921 -1.9493 -3.7403 -0.0192 0.0123 -0.0216 0.9995
1779439914.7039 80.1038 -1.9525 -3.7970 -0.0200 0.0123 -0.0065 0.9997
1779439914.9039 80.9878 -1.9697 -3.8434 -0.0055 0.0053 0.0144 0.9999
1779439915.0033 81.4213 -1.9195 -3.8421 0.0044 0.0076 0.0222 0.9997
1779439915.1039 81.8475 -1.9226 -3.8508 0.0142 0.0066 0.0278 0.9995
1779439915.2045 82.2967 -1.9618 -3.8576 0.0195 0.0009 0.0222 0.9996
1779439915.4040 83.1702 -1.9630 -3.9308 0.0145 0.0068 0.0064 0.9999
1779439915.5032 83.6035 -1.9769 -3.9376 0.0131 0.0097 -0.0014 0.9999
1779439915.6036 84.0220 -1.9991 -3.9654 0.0088 0.0095 -0.0106 0.9999
1779439915.7040 84.4607 -2.0420 -3.9484 0.0013 0.0089 -0.0170 0.9998
1779439915.8036 84.8739 -2.0675 -4.0293 -0.0040 0.0081 -0.0222 0.9997
1779439916.0034 85.7298 -2.0871 -4.0681 -0.0132 0.0082 -0.0183 0.9997
1779439916.1036 86.1430 -2.1065 -4.1030 -0.0157 0.0128 -0.0129 0.9997
1779439916.2034 86.5763 -2.1020 -4.1831 -0.0146 0.0088 -0.0072 0.9998
1779439916.3033 87.0200 -2.1019 -4.1055 -0.0139 0.0093 0.0041 0.9999
1779439916.4042 87.4201 -2.0846 -4.1569 -0.0102 0.0154 0.0139 0.9997
1779439916.6037 88.2751 -2.0369 -4.1217 0.0049 0.0113 0.0308 0.9994
1779439916.7043 88.7182 -1.9872 -4.2479 0.0122 0.0042 0.0363 0.9993
1779439916.8035 89.1607 -1.9412 -4.2868 0.0180 0.0052 0.0340 0.9992
1779439917.0028 89.9868 -1.9545 -4.3724 0.0223 0.0118 0.0137 0.9996
1779439917.1037 90.4015 -1.9631 -4.3389 0.0217 0.0137 0.0077 0.9996
1779439917.2030 90.7906 -1.9804 -4.3935 0.0225 0.0155 0.0034 0.9996
1779439917.3036 91.2121 -1.9714 -4.3927 0.0228 0.0147 0.0052 0.9996
1779439917.4039 91.6420 -1.9535 -4.3921 0.0248 0.0114 0.0025 0.9996
1779439917.6030 92.4859 -2.0149 -4.5544 0.0238 0.0046 -0.0094 0.9997
1779439917.7038 92.9144 -2.0802 -4.4532 0.0205 0.0076 -0.0197 0.9996
1779439917.8037 93.2801 -2.1283 -4.5962 0.0148 0.0099 -0.0294 0.9994
1779439918.0042 94.1106 -2.2390 -4.5051 0.0036 0.0145 -0.0405 0.9991
1779439918.1041 94.5187 -2.2953 -4.5154 -0.0050 0.0189 -0.0387 0.9991
1779439918.2028 94.9915 -2.3168 -4.4183 -0.0102 -0.0184 -0.0339 0.9992
1779439918.3029 95.4472 -2.3192 -3.8775 -0.0097 -0.0326 -0.0265 0.9991
1779439918.4033 95.8035 -2.3011 -4.6427 -0.0108 -0.0475 -0.0225 0.9986
1779439918.5030 96.1951 -2.3320 -4.7219 -0.0066 -0.0539 -0.0169 0.9984
1779439918.6030 96.5917 -2.3486 -4.3416 -0.0059 -0.0452 -0.0122 0.9989
1779439918.7039 96.9437 -2.3344 -4.4696 -0.0071 -0.0457 -0.0086 0.9989
1779439918.9040 97.6445 -2.3718 -4.4731 -0.0053 -0.0404 -0.0025 0.9992
1779439919.0030 97.9587 -2.3672 -4.4484 -0.0055 -0.0368 -0.0016 0.9993
1779439919.1040 98.2807 -2.3343 -4.5028 -0.0052 -0.0352 -0.0060 0.9994
1779439919.2017 98.6112 -2.3385 -4.4082 -0.0044 -0.0318 -0.0115 0.9994
1779439919.3030 98.9134 -2.4027 -4.4133 -0.0037 -0.0285 -0.0132 0.9995
1779439919.4035 99.2312 -2.4251 -4.4495 -0.0006 -0.0262 -0.0115 0.9996
1779439919.6033 99.8010 -2.4211 -4.4587 0.0064 -0.0188 -0.0098 0.9998
1779439919.7036 100.0974 -2.4427 -4.5315 0.0067 -0.0179 -0.0134 0.9997
1779439919.8032 100.3953 -2.4563 -4.4960 0.0074 -0.0122 -0.0207 0.9997
1779439920.0021 100.9378 -2.5205 -4.5416 0.0040 -0.0053 -0.0266 0.9996
1779439920.1035 101.2010 -2.5330 -4.5327 0.0059 -0.0001 -0.0262 0.9996
1779439920.2022 101.4670 -2.5997 -4.5413 0.0054 0.0033 -0.0206 0.9998
1779439920.4048 102.0034 -2.5769 -4.5780 0.0066 0.0098 -0.0170 0.9998
1779439920.5036 102.2636 -2.5954 -4.6080 0.0045 0.0123 -0.0182 0.9997
1779439920.6046 102.5176 -2.6179 -4.6220 0.0051 0.0149 -0.0218 0.9996
1779439920.9047 103.3136 -2.6234 -4.7107 0.0057 0.0205 -0.0252 0.9995
1779439921.0056 103.5799 -2.6569 -4.7347 0.0070 0.0244 -0.0267 0.9993
1779439921.1048 103.8479 -2.6415 -4.7780 0.0070 0.0286 -0.0274 0.9992
1779439921.2045 104.1221 -2.6931 -4.8050 0.0070 0.0315 -0.0309 0.9990
1779439921.3048 104.3834 -2.7097 -4.8559 0.0059 0.0356 -0.0343 0.9988
1779439921.4050 104.6468 -2.7447 -4.8748 0.0045 0.0394 -0.0370 0.9985
1779439921.6056 105.1728 -2.8014 -4.9482 0.0005 0.0450 -0.0426 0.9981
1779439921.7074 105.4474 -2.8494 -5.0015 -0.0009 0.0475 -0.0445 0.9979
1779439921.8058 105.7119 -2.8969 -5.0506 -0.0028 0.0508 -0.0447 0.9977
1779439921.9074 105.9629 -2.9202 -5.1122 -0.0029 0.0539 -0.0443 0.9976
1779439922.0078 106.2229 -2.9286 -5.1147 -0.0035 0.0568 -0.0393 0.9976
1779439922.1078 106.4838 -2.8699 -5.1405 -0.0020 0.0584 -0.0339 0.9977
1779439922.2087 106.7316 -2.9105 -5.2054 0.0002 0.0585 -0.0292 0.9979
1779439922.3088 106.9871 -2.8937 -5.2464 0.0023 0.0607 -0.0250 0.9978
1779439922.4103 107.2210 -2.8543 -5.2740 0.0053 0.0628 -0.0211 0.9978
1779439922.5101 107.4709 -2.8475 -5.3189 0.0095 0.0631 -0.0207 0.9977
1779439922.7102 107.9372 -2.8982 -5.4059 0.0154 0.0627 -0.0191 0.9977
1779439922.8109 108.1817 -2.9274 -5.4071 0.0179 0.0640 -0.0217 0.9976
1779439922.9102 108.4151 -2.9492 -5.4760 0.0193 0.0633 -0.0266 0.9975
1779439923.0115 108.6617 -2.9649 -5.5212 0.0213 0.0624 -0.0344 0.9972
1779439923.1102 108.9081 -3.0181 -5.5590 0.0217 0.0629 -0.0417 0.9969
1779439923.2090 109.1823 -3.0454 -5.4151 0.0222 0.0661 -0.0482 0.9964
1779439923.3074 109.4636 -3.1698 -5.4091 0.0211 0.0404 -0.0560 0.9974
1779439923.4061 109.7246 -3.2419 -5.3754 0.0191 0.0242 -0.0650 0.9974
1779439923.5055 110.0175 -3.3147 -5.4748 0.0175 0.0023 -0.0749 0.9970
1779439923.6061 110.2908 -3.3634 -5.6529 0.0189 -0.0028 -0.0830 0.9964
1779439923.7055 110.5646 -3.4522 -5.6444 0.0187 0.0041 -0.0901 0.9957
1779439923.8060 110.8177 -3.5212 -5.5765 0.0148 0.0101 -0.0970 0.9951
1779439923.9054 111.0812 -3.5924 -5.6051 0.0104 0.0083 -0.1034 0.9946
1779439924.0054 111.3448 -3.6768 -5.5871 0.0059 0.0094 -0.1086 0.9940
1779439924.1053 111.5917 -3.7488 -5.6435 0.0033 0.0088 -0.1160 0.9932
1779439924.2055 111.8476 -3.8387 -5.6938 -0.0032 0.0083 -0.1227 0.9924
1779439924.3044 112.0941 -3.9303 -5.6108 -0.0134 0.0119 -0.1278 0.9916
1779439924.4045 112.3545 -4.0007 -5.6945 -0.0194 0.0111 -0.1338 0.9908
1779439924.5052 112.6234 -4.0622 -5.6885 -0.0305 0.0112 -0.1348 0.9903
1779439924.6029 112.8846 -4.0933 -5.7117 -0.0389 0.0102 -0.1269 0.9911
1779439924.8046 113.3931 -4.1022 -5.7764 -0.0505 0.0150 -0.0979 0.9938
1779439925.0047 113.8863 -4.0720 -5.8296 -0.0601 0.0116 -0.0541 0.9967
1779439925.2046 114.3997 -4.1034 -5.8379 -0.0666 0.0076 0.0014 0.9977
1779439925.3044 114.6148 -4.0317 -5.8668 -0.0647 0.0024 0.0425 0.9970
1779439925.4046 114.8364 -3.9422 -5.8225 -0.0649 0.0009 0.0824 0.9945
1779439925.5047 114.9802 -3.7583 -5.7860 -0.0672 -0.0012 0.1164 0.9909
1779439925.6032 115.1383 -3.6123 -5.7697 -0.0664 -0.0086 0.1433 0.9874
1779439925.7045 115.3017 -3.4303 -5.8095 -0.0598 -0.0176 0.1783 0.9820
1779439925.8045 115.3775 -3.2236 -5.7665 -0.0533 -0.0212 0.2263 0.9724
1779439925.9045 115.4402 -3.0103 -5.7400 -0.0423 -0.0244 0.2723 0.9610
1779439926.1056 115.5584 -2.7071 -5.7519 -0.0198 -0.0324 0.3619 0.9314
1779439926.2058 115.5968 -2.5260 -5.7546 -0.0126 -0.0304 0.3905 0.9200
1779439926.3058 115.6376 -2.3351 -5.7398 -0.0055 -0.0303 0.4190 0.9075
1779439926.4059 115.6880 -2.1467 -5.7363 0.0011 -0.0291 0.4448 0.8952
1779439926.6056 115.7762 -1.8850 -5.7213 0.0118 -0.0253 0.4900 0.8713
1779439926.7047 115.7849 -1.7578 -5.7344 0.0152 -0.0221 0.5081 0.8609
1779439926.8048 115.8404 -1.6433 -5.7396 0.0171 -0.0213 0.5243 0.8511
1779439927.0046 115.8824 -1.4727 -5.7252 0.0163 -0.0214 0.5461 0.8373
1779439927.1034 115.8921 -1.4090 -5.7314 0.0145 -0.0233 0.5544 0.8318
1779439927.2049 115.8636 -1.3339 -5.7442 0.0128 -0.0242 0.5606 0.8276
1779439927.3051 115.8598 -1.2830 -5.7436 0.0108 -0.0261 0.5679 0.8226
1779439927.4049 115.8787 -1.2906 -5.7416 0.0066 -0.0264 0.5716 0.8201
1779439927.5049 115.8753 -1.2926 -5.7360 0.0045 -0.0284 0.5706 0.8207
1779439927.6037 115.8504 -1.2827 -5.7278 0.0034 -0.0301 0.5704 0.8208
1779439927.8072 115.8760 -1.3038 -5.7378 0.0026 -0.0337 0.5704 0.8207
1779439927.9051 115.8677 -1.2956 -5.7211 0.0021 -0.0334 0.5691 0.8216
1779439928.0051 115.8771 -1.2938 -5.7208 0.0024 -0.0333 0.5690 0.8217
1779439928.1036 115.8613 -1.3032 -5.7340 0.0043 -0.0324 0.5677 0.8226
1779439928.2051 115.8579 -1.3291 -5.7287 0.0056 -0.0314 0.5676 0.8227
1779439928.5051 115.8978 -1.3116 -5.7279 0.0075 -0.0300 0.5683 0.8223
1779439928.6052 115.9035 -1.3266 -5.7338 0.0083 -0.0299 0.5680 0.8224
1779439928.7052 115.9042 -1.3183 -5.7222 0.0086 -0.0293 0.5680 0.8224
1779439928.8053 115.9042 -1.3035 -5.7290 0.0088 -0.0294 0.5681 0.8224
1779439928.9037 115.9051 -1.2957 -5.7320 0.0092 -0.0292 0.5678 0.8226
1779439929.0052 115.8855 -1.3075 -5.7371 0.0094 -0.0293 0.5672 0.8230
1779439929.1034 115.9039 -1.3027 -5.7318 0.0094 -0.0292 0.5675 0.8228
1779439929.2051 115.9253 -1.3106 -5.7379 0.0097 -0.0291 0.5676 0.8227
1779439929.3063 115.9122 -1.3081 -5.7353 0.0098 -0.0287 0.5675 0.8228
1779439929.4039 115.9135 -1.3104 -5.7361 0.0098 -0.0286 0.5674 0.8229
1779439929.5051 115.9004 -1.3008 -5.7293 0.0100 -0.0282 0.5668 0.8233
1779439929.6056 115.9113 -1.2990 -5.7288 0.0104 -0.0281 0.5671 0.8231
1779439929.7039 115.9126 -1.3036 -5.7264 0.0108 -0.0281 0.5672 0.8231
1779439929.8043 115.9090 -1.3053 -5.7201 0.0116 -0.0273 0.5672 0.8231
1779439930.0044 115.9316 -1.2658 -5.7287 0.0168 -0.0252 0.5690 0.8218
1779439930.1037 115.9573 -1.2739 -5.7235 0.0189 -0.0236 0.5707 0.8206
1779439930.2040 115.9641 -1.2839 -5.7325 0.0203 -0.0228 0.5720 0.8197
1779439930.4040 115.9638 -1.2426 -5.7432 0.0184 -0.0242 0.5746 0.8179
1779439930.5040 115.9183 -1.2416 -5.7362 0.0157 -0.0255 0.5750 0.8176
1779439930.6043 115.9428 -1.2388 -5.7405 0.0125 -0.0270 0.5755 0.8172
1779439930.7041 115.9463 -1.2379 -5.7480 0.0092 -0.0291 0.5754 0.8173
1779439930.8054 115.9311 -1.2585 -5.7387 0.0054 -0.0313 0.5745 0.8179
1779439930.9058 115.9261 -1.2857 -5.7368 0.0014 -0.0337 0.5718 0.8197
1779439931.0054 115.9064 -1.2862 -5.7338 -0.0021 -0.0359 0.5678 0.8224
1779439931.1042 115.9169 -1.2808 -5.7254 -0.0029 -0.0361 0.5651 0.8242
1779439931.2055 115.9042 -1.2645 -5.7292 -0.0030 -0.0361 0.5655 0.8239
1779439931.3055 115.9171 -1.2752 -5.7382 -0.0035 -0.0370 0.5660 0.8235
1779439931.4041 115.8996 -1.2751 -5.7372 -0.0044 -0.0377 0.5657 0.8237
1779439931.5055 115.8896 -1.2739 -5.7347 -0.0060 -0.0387 0.5658 0.8236
1779439931.6058 115.8902 -1.2693 -5.7301 -0.0063 -0.0388 0.5657 0.8237
1779439931.7045 115.8887 -1.2809 -5.7332 -0.0062 -0.0387 0.5661 0.8234
1779439931.8059 115.8849 -1.2901 -5.7403 -0.0044 -0.0379 0.5661 0.8235
1779439932.0058 115.9230 -1.2591 -5.7346 -0.0019 -0.0363 0.5669 0.8230
1779439932.1060 115.9240 -1.2619 -5.7322 -0.0005 -0.0352 0.5673 0.8228
1779439932.2049 115.9245 -1.2448 -5.7282 0.0007 -0.0343 0.5670 0.8230
1779439932.3056 115.9365 -1.2359 -5.7322 0.0020 -0.0338 0.5673 0.8228
1779439932.4059 115.9503 -1.2402 -5.7246 0.0029 -0.0331 0.5682 0.8222
1779439932.5043 115.9554 -1.2596 -5.7322 0.0047 -0.0321 0.5684 0.8221
1779439932.6058 115.9471 -1.2712 -5.7213 0.0059 -0.0309 0.5684 0.8222
1779439932.7057 115.9414 -1.2709 -5.7251 0.0076 -0.0299 0.5684 0.8222
1779439932.8042 115.9673 -1.2567 -5.7162 0.0105 -0.0280 0.5680 0.8225
1779439932.9043 115.9717 -1.2445 -5.7204 0.0141 -0.0260 0.5678 0.8226
1779439933.0041 115.9822 -1.2605 -5.7185 0.0175 -0.0239 0.5675 0.8228
1779439933.1044 115.9674 -1.2537 -5.7260 0.0204 -0.0227 0.5667 0.8233
1779439933.2030 115.9775 -1.2408 -5.7174 0.0227 -0.0212 0.5671 0.8231
1779439933.3043 115.9865 -1.2575 -5.7127 0.0251 -0.0199 0.5668 0.8232
1779439933.4045 116.0013 -1.2770 -5.7287 0.0270 -0.0193 0.5667 0.8232
1779439933.5043 116.0124 -1.2579 -5.7222 0.0287 -0.0185 0.5672 0.8229
1779439933.6043 116.0100 -1.2802 -5.7289 0.0307 -0.0172 0.5666 0.8233
1779439933.7045 115.9829 -1.2892 -5.7203 0.0316 -0.0162 0.5668 0.8231
1779439933.8043 115.9718 -1.2876 -5.7314 0.0332 -0.0159 0.5671 0.8228
1779439933.9042 115.9681 -1.2881 -5.7424 0.0333 -0.0159 0.5676 0.8225
1779439934.0031 115.9936 -1.2773 -5.7340 0.0318 -0.0166 0.5680 0.8223
1779439934.1025 116.0039 -1.2866 -5.7269 0.0310 -0.0168 0.5678 0.8224
1779439934.2025 116.0252 -1.2726 -5.7357 0.0300 -0.0180 0.5684 0.8220
1779439934.3025 116.0233 -1.2725 -5.7313 0.0287 -0.0179 0.5680 0.8224
1779439934.4043 115.9898 -1.2772 -5.7323 0.0272 -0.0186 0.5673 0.8228
1779439934.5032 115.9760 -1.2813 -5.7309 0.0245 -0.0198 0.5677 0.8227
1779439934.8047 115.9847 -1.2044 -5.7419 0.0129 -0.0258 0.5701 0.8211
1779439934.9047 115.9434 -1.1940 -5.7440 0.0098 -0.0279 0.5720 0.8197
1779439935.0062 115.9065 -1.1858 -5.7298 0.0071 -0.0285 0.5741 0.8182
1779439935.1047 115.9118 -1.1677 -5.7307 0.0063 -0.0273 0.5778 0.8157
1779439935.3035 115.9121 -1.0969 -5.7303 0.0104 -0.0243 0.5852 0.8105
1779439935.4049 115.9187 -1.0771 -5.7330 0.0117 -0.0232 0.5904 0.8067
1779439935.5044 115.9318 -1.0568 -5.7399 0.0120 -0.0233 0.5942 0.8039
1779439935.6044 115.9064 -1.0529 -5.7319 0.0118 -0.0217 0.5969 0.8019
1779439935.7048 115.9244 -1.0353 -5.7306 0.0119 -0.0216 0.6001 0.7995
1779439935.8045 115.9288 -1.0142 -5.7355 0.0118 -0.0216 0.6035 0.7969
1779439935.9036 115.9356 -0.9877 -5.7384 0.0118 -0.0216 0.6076 0.7938
1779439936.0048 115.9272 -0.9813 -5.7321 0.0116 -0.0203 0.6114 0.7910
1779439936.1032 115.9226 -0.9857 -5.7287 0.0115 -0.0191 0.6136 0.7893
1779439936.2036 115.9421 -0.9539 -5.7387 0.0123 -0.0184 0.6147 0.7884
1779439936.3034 115.9342 -0.9407 -5.7281 0.0131 -0.0179 0.6160 0.7874
