1779439967.4024 0.0000 0.0000 0.0000 0.0000 0.0000 0.0000 1.0000
1779439967.5035 0.2591 0.0032 -0.0169 -0.0021 0.0030 -0.0005 1.0000
1779439967.7024 0.7794 0.0553 -0.0648 0.0032 0.0098 0.0105 0.9999
1779439967.8035 1.0356 0.0554 -0.1148 0.0069 0.0140 0.0230 0.9996
1779439967.9033 1.2795 0.0677 -0.1395 0.0131 0.0161 0.0279 0.9994
1779439968.0037 1.5371 0.0583 -0.1032 0.0170 0.0207 0.0308 0.9992
1779439968.1025 1.8066 0.1165 -0.1611 0.0218 0.0224 0.0329 0.9990
1779439968.2037 2.0646 0.1343 -0.2162 0.0288 0.0235 0.0308 0.9988
1779439968.3034 2.3399 0.1495 -0.1640 0.0323 0.0264 0.0293 0.9987
1779439968.4036 2.6149 0.1720 -0.2967 0.0322 0.0280 0.0197 0.9989
1779439968.5044 2.8659 0.1023 -0.2549 0.0285 0.0311 0.0027 0.9991
1779439968.7054 3.3474 0.0248 -0.3783 0.0138 0.0392 -0.0352 0.9985
1779439968.8053 3.6029 -0.0724 -0.3887 0.0057 0.0424 -0.0434 0.9981
1779439968.9039 3.8809 -0.1043 -0.4511 -0.0007 0.0472 -0.0432 0.9979
1779439969.1037 4.4191 -0.1332 -0.5277 -0.0089 0.0535 -0.0361 0.9979
1779439969.3057 4.9607 -0.1497 -0.6591 -0.0106 0.0570 -0.0246 0.9980
1779439969.4046 5.2366 -0.1236 -0.6345 -0.0100 0.0627 -0.0128 0.9979
1779439969.6067 5.7774 -0.0826 -0.7656 0.0026 0.0654 0.0131 0.9978
1779439969.7065 6.0619 -0.0946 -0.7983 0.0100 0.0679 0.0232 0.9974
1779439969.8078 6.3320 -0.0516 -0.8472 0.0164 0.0690 0.0262 0.9971
1779439969.9090 6.6057 -0.0357 -0.9104 0.0208 0.0699 0.0247 0.9970
1779439970.1069 7.1590 -0.0292 -1.0013 0.0268 0.0734 0.0105 0.9969
1779439970.2076 7.4228 -0.0747 -1.0738 0.0284 0.0739 0.0038 0.9969
1779439970.3076 7.7308 -0.1126 -1.1092 0.0307 0.0740 -0.0026 0.9968
1779439970.4088 8.0134 -0.1463 -1.1564 0.0331 0.0769 -0.0094 0.9964
1779439970.5087 8.3066 -0.1572 -1.2288 0.0337 0.0763 -0.0175 0.9964
1779439970.6093 8.6305 -0.1602 -1.2404 0.0312 0.0763 -0.0280 0.9962
1779439970.7066 8.9273 -0.3058 -1.0403 0.0224 0.0579 -0.0430 0.9971
1779439970.8040 9.2671 -0.3860 -0.9765 0.0119 0.0406 -0.0589 0.9974
1779439970.9046 9.5850 -0.4253 -1.2897 0.0080 0.0104 -0.0730 0.9972
1779439971.0040 9.8963 -0.4622 -1.3798 0.0066 0.0134 -0.0744 0.9971
1779439971.1048 10.1810 -0.4956 -1.4034 0.0036 0.0232 -0.0706 0.9972
1779439971.2040 10.4545 -0.5296 -1.3334 -0.0041 0.0274 -0.0698 0.9972
1779439971.3047 10.7413 -0.5302 -1.3921 -0.0093 0.0241 -0.0680 0.9974
1779439971.4056 10.9957 -0.5876 -1.3900 -0.0152 0.0216 -0.0667 0.9974
1779439971.5045 11.2667 -0.6200 -1.4244 -0.0176 0.0199 -0.0651 0.9975
1779439971.6046 11.5424 -0.6043 -1.4455 -0.0199 0.0207 -0.0546 0.9981
1779439971.7041 11.7776 -0.6060 -1.4657 -0.0194 0.0194 -0.0423 0.9987
1779439971.8041 12.0114 -0.5967 -1.4771 -0.0199 0.0203 -0.0294 0.9992
1779439971.9041 12.2403 -0.5733 -1.4708 -0.0219 0.0226 -0.0188 0.9993
1779439972.0057 12.4681 -0.5731 -1.4773 -0.0220 0.0192 -0.0116 0.9995
1779439972.2039 12.8730 -0.5238 -1.5519 -0.0206 0.0179 0.0106 0.9996
1779439972.3040 13.0617 -0.4923 -1.5521 -0.0199 0.0208 0.0225 0.9993
1779439972.4041 13.2485 -0.4838 -1.5652 -0.0204 0.0196 0.0389 0.9988
1779439972.5041 13.4204 -0.4430 -1.5714 -0.0195 0.0176 0.0533 0.9982
1779439972.7057 13.7386 -0.3375 -1.5928 -0.0210 0.0163 0.0805 0.9964
1779439972.8048 13.8767 -0.2635 -1.5878 -0.0224 0.0153 0.0934 0.9953
1779439972.9048 14.0412 -0.2125 -1.6072 -0.0242 0.0128 0.1085 0.9937
1779439973.0059 14.1837 -0.1641 -1.6181 -0.0236 0.0111 0.1252 0.9918
1779439973.1042 14.3280 -0.1153 -1.6405 -0.0241 0.0103 0.1481 0.9886
1779439973.3042 14.5653 0.0517 -1.6057 -0.0223 0.0038 0.1971 0.9801
1779439973.4042 14.6390 0.2011 -1.5815 -0.0194 -0.0010 0.2250 0.9742
1779439973.5042 14.6959 0.3194 -1.5913 -0.0180 -0.0044 0.2536 0.9671
1779439973.6039 14.7817 0.4512 -1.6016 -0.0169 -0.0073 0.2790 0.9601
1779439973.7042 14.8414 0.5651 -1.6021 -0.0165 -0.0101 0.3059 0.9519
1779439973.9047 14.9736 0.7717 -1.5967 -0.0125 -0.0176 0.3645 0.9310
1779439974.0059 14.9797 0.9299 -1.5821 -0.0102 -0.0222 0.3983 0.9169
1779439974.1058 14.9985 1.0555 -1.5840 -0.0051 -0.0254 0.4333 0.9009
1779439974.2050 14.9266 1.2318 -1.5642 -0.0014 -0.0272 0.4699 0.8823
1779439974.3038 14.8985 1.3850 -1.5686 0.0020 -0.0274 0.5070 0.8615
1779439974.4043 14.8806 1.5515 -1.5488 0.0035 -0.0270 0.5434 0.8390
1779439974.5043 14.8177 1.6862 -1.5304 0.0077 -0.0288 0.5791 0.8147
1779439974.6043 14.7672 1.7971 -1.5395 0.0110 -0.0283 0.6107 0.7913
1779439974.7042 14.6952 1.9321 -1.5263 0.0115 -0.0296 0.6419 0.7662
1779439974.8042 14.6385 2.0469 -1.5346 0.0150 -0.0298 0.6727 0.7392
1779439974.9048 14.5445 2.1445 -1.5147 0.0170 -0.0279 0.7023 0.7112
1779439975.0050 14.4340 2.2150 -1.5035 0.0187 -0.0288 0.7331 0.6793
1779439975.1044 14.3525 2.3113 -1.5020 0.0216 -0.0297 0.7606 0.6482
1779439975.2043 14.2380 2.3616 -1.4851 0.0247 -0.0304 0.7841 0.6193
1779439975.3043 14.1553 2.4550 -1.4894 0.0266 -0.0322 0.8064 0.5899
1779439975.4023 14.0486 2.5155 -1.4961 0.0282 -0.0360 0.8265 0.5610
1779439975.5040 13.9478 2.5635 -1.4615 0.0282 -0.0404 0.8436 0.5347
1779439975.6030 13.8214 2.6040 -1.4643 0.0297 -0.0441 0.8580 0.5109
1779439975.7023 13.7501 2.7016 -1.4638 0.0322 -0.0476 0.8726 0.4850
1779439975.9041 13.4816 2.7854 -1.4659 0.0390 -0.0540 0.9038 0.4228
1779439976.0031 13.3453 2.7929 -1.4751 0.0387 -0.0598 0.9164 0.3939
1779439976.1022 13.2247 2.8475 -1.4389 0.0378 -0.0638 0.9266 0.3687
1779439976.2022 13.0338 2.9427 -1.4752 0.0387 -0.0667 0.9376 0.3389
1779439976.3024 12.8683 2.9680 -1.5026 0.0392 -0.0677 0.9495 0.3038
1779439976.4024 12.6801 3.0042 -1.4966 0.0416 -0.0660 0.9607 0.2662
1779439976.5031 12.4637 2.9512 -1.4716 0.0427 -0.0661 0.9723 0.2202
1779439976.7041 12.1463 2.8283 -1.4221 0.0469 -0.0603 0.9872 0.1398
1779439976.8041 11.9797 2.7791 -1.3761 0.0474 -0.0630 0.9910 0.1084
1779439976.9045 11.8439 2.8274 -1.3684 0.0500 -0.0605 0.9923 0.0953
1779439977.0032 11.6509 2.7959 -1.3879 0.0512 -0.0631 0.9934 0.0805
1779439977.1031 11.4745 2.8035 -1.3510 0.0494 -0.0624 0.9946 0.0669
1779439977.2040 11.2451 2.7336 -1.3302 0.0511 -0.0602 0.9956 0.0512
1779439977.3042 11.0476 2.6832 -1.2845 0.0525 -0.0560 0.9967 0.0278
1779439977.4044 10.8366 2.6892 -1.3345 0.0563 -0.0477 0.9972 0.0075
1779439977.5042 10.6249 2.6696 -1.2870 0.0550 -0.0423 0.9975 -0.0149
1779439977.6042 10.4146 2.7342 -1.3007 0.0569 -0.0342 0.9974 -0.0287
1779439977.7045 10.1535 2.6592 -1.2583 0.0569 -0.0302 0.9972 -0.0384
1779439977.8033 9.9304 2.6825 -1.2859 0.0558 -0.0292 0.9970 -0.0439
1779439977.9045 9.6947 2.6626 -1.2750 0.0549 -0.0260 0.9974 -0.0393
1779439978.0051 9.4503 2.6427 -1.2416 0.0498 -0.0286 0.9976 -0.0397
1779439978.1042 9.1826 2.6459 -1.0394 0.0606 -0.0271 0.9972 -0.0349
1779439978.2024 8.8907 2.6084 -0.9933 0.0756 -0.0319 0.9962 -0.0299
1779439978.3022 8.5738 2.6462 -0.9757 0.0986 -0.0344 0.9941 -0.0280
1779439978.5014 8.0092 2.5034 -0.9668 0.1187 -0.0311 0.9920 -0.0291
1779439978.6017 7.7470 2.4773 -0.9462 0.1154 -0.0314 0.9922 -0.0357
1779439978.7024 7.5276 2.5210 -0.8957 0.1158 -0.0283 0.9918 -0.0460
1779439978.8016 7.2733 2.5165 -0.8204 0.1137 -0.0230 0.9920 -0.0508
1779439978.9024 7.0019 2.5269 -0.8086 0.1107 -0.0169 0.9925 -0.0491
1779439979.0030 6.7346 2.5093 -0.7014 0.1076 -0.0165 0.9930 -0.0470
1779439979.1017 6.4612 2.5121 -0.6478 0.1083 -0.0151 0.9933 -0.0376
1779439979.2025 6.2016 2.5089 -0.6565 0.1107 -0.0176 0.9933 -0.0284
1779439979.3016 5.9645 2.5016 -0.5826 0.1095 -0.0189 0.9936 -0.0207
1779439979.4024 5.7261 2.5340 -0.5694 0.1083 -0.0202 0.9938 -0.0162
1779439979.5026 5.4860 2.5258 -0.5650 0.1060 -0.0225 0.9940 -0.0146
1779439979.7025 4.9966 2.5398 -0.4803 0.0998 -0.0279 0.9946 -0.0066
1779439979.8025 4.7546 2.5608 -0.4129 0.0976 -0.0313 0.9947 -0.0021
1779439979.9017 4.5159 2.5565 -0.3902 0.0970 -0.0338 0.9947 0.0029
1779439980.0025 4.2860 2.5476 -0.3867 0.0966 -0.0364 0.9947 0.0025
1779439980.1016 4.0676 2.5520 -0.3435 0.0936 -0.0396 0.9948 -0.0021
1779439980.2017 3.8659 2.5337 -0.3085 0.0905 -0.0376 0.9952 -0.0065
1779439980.3014 3.6346 2.5051 -0.3071 0.0877 -0.0344 0.9955 -0.0108
1779439980.4019 3.4029 2.4956 -0.2990 0.0840 -0.0308 0.9958 -0.0187
1779439980.5026 3.1642 2.5094 -0.2719 0.0801 -0.0255 0.9962 -0.0247
1779439980.6014 2.9209 2.4904 -0.2865 0.0756 -0.0226 0.9964 -0.0311
1779439980.7026 2.7098 2.4807 -0.1717 0.0712 -0.0209 0.9966 -0.0348
1779439980.8026 2.4658 2.4973 -0.1675 0.0686 -0.0200 0.9970 -0.0299
1779439980.9016 2.2299 2.4849 -0.1989 0.0697 -0.0214 0.9970 -0.0243
1779439981.0026 1.9946 2.4684 -0.0933 0.0667 -0.0224 0.9973 -0.0208
1779439981.3026 1.2693 2.5089 -0.0669 0.0586 -0.0238 0.9980 -0.0081
1779439981.4017 1.0139 2.5359 -0.1029 0.0580 -0.0257 0.9980 -0.0035
1779439981.5026 0.7695 2.5553 -0.0514 0.0537 -0.0254 0.9982 0.0025
1779439981.7018 0.2297 2.5936 -0.0937 0.0491 -0.0275 0.9983 0.0144
1779439981.8026 -0.0340 2.6140 -0.0298 0.0417 -0.0297 0.9985 0.0197
1779439981.9033 -0.2949 2.6455 -0.0433 0.0387 -0.0312 0.9985 0.0247
1779439982.0027 -0.5727 2.6290 -0.0429 0.0332 -0.0320 0.9986 0.0264
1779439982.1033 -0.8720 2.6021 -0.0102 0.0287 -0.0345 0.9988 0.0212
1779439982.2026 -1.1357 2.6203 -0.0509 0.0253 -0.0344 0.9990 0.0162
1779439982.3035 -1.4202 2.6220 -0.0223 0.0214 -0.0353 0.9991 0.0102
1779439982.4046 -1.7120 2.6515 -0.0389 0.0205 -0.0374 0.9991 0.0041
1779439982.5026 -1.9862 2.6899 -0.0206 0.0164 -0.0403 0.9990 0.0038
1779439982.6045 -2.3152 2.6897 -0.0211 0.0153 -0.0460 0.9988 0.0021
1779439982.7028 -2.6507 2.7089 -0.1043 0.0131 -0.0466 0.9988 -0.0028
1779439982.8038 -2.9783 2.6693 -0.0643 0.0103 -0.0458 0.9988 -0.0121
1779439982.9046 -3.3017 2.5928 -0.0748 0.0049 -0.0463 0.9986 -0.0244
1779439983.0037 -3.6057 2.5645 -0.0748 0.0020 -0.0417 0.9987 -0.0305
1779439983.1049 -3.9624 2.5341 -0.1352 0.0029 -0.0393 0.9986 -0.0356
1779439983.3054 -4.6589 2.4206 -0.1519 0.0030 -0.0325 0.9984 -0.0466
1779439983.4065 -5.0567 2.4079 -0.1065 0.0003 -0.0280 0.9981 -0.0542
1779439983.5046 -5.4020 2.3657 0.1618 0.0053 -0.0184 0.9980 -0.0603
1779439983.6045 -5.8580 2.3303 0.0565 0.0382 -0.0195 0.9971 -0.0628
1779439983.7034 -6.2812 2.3837 0.2271 0.0592 -0.0198 0.9966 -0.0546
1779439983.9047 -7.0971 2.3291 0.0426 0.0620 -0.0285 0.9972 -0.0293
1779439984.0037 -7.4799 2.3246 0.1391 0.0606 -0.0290 0.9974 -0.0270
1779439984.1034 -7.8940 2.2636 0.1484 0.0601 -0.0268 0.9974 -0.0309
1779439984.2037 -8.2759 2.2598 0.1595 0.0587 -0.0257 0.9970 -0.0433
1779439984.3026 -8.6834 2.2101 0.2448 0.0569 -0.0163 0.9971 -0.0484
1779439984.4034 -9.0802 2.1855 0.3261 0.0605 -0.0129 0.9968 -0.0514
1779439984.5047 -9.5355 2.1889 0.2539 0.0644 -0.0143 0.9969 -0.0426
1779439984.6030 -9.9007 2.2020 0.3362 0.0640 -0.0142 0.9974 -0.0298
1779439984.7047 -10.2750 2.1970 0.3545 0.0568 -0.0211 0.9978 -0.0261
1779439984.8047 -10.6836 2.1995 0.3845 0.0603 -0.0179 0.9978 -0.0222
1779439984.9034 -11.0615 2.1432 0.4751 0.0598 -0.0139 0.9978 -0.0232
1779439985.0034 -11.4510 2.1539 0.4433 0.0599 -0.0098 0.9977 -0.0292
1779439985.1020 -11.8223 2.1491 0.4679 0.0586 -0.0020 0.9978 -0.0313
1779439985.2038 -12.2090 2.1745 0.4994 0.0555 -0.0021 0.9980 -0.0285
1779439985.3029 -12.6024 2.2380 0.5852 0.0563 -0.0043 0.9983 -0.0136
1779439985.4037 -12.9729 2.2340 0.5185 0.0574 -0.0147 0.9982 0.0016
1779439985.5047 -13.3649 2.2556 0.6046 0.0586 -0.0243 0.9979 0.0105
1779439985.6036 -13.7254 2.2846 0.5996 0.0525 -0.0335 0.9979 0.0186
1779439985.7050 -14.1427 2.2476 0.6577 0.0552 -0.0445 0.9973 0.0174
1779439985.8054 -14.5495 2.2022 0.7250 0.0522 -0.0504 0.9973 0.0075
1779439985.9048 -14.9587 2.1451 0.7336 0.0549 -0.0522 0.9971 -0.0066
1779439986.0047 -15.3341 2.1154 0.7199 0.0564 -0.0492 0.9969 -0.0233
1779439986.1036 -15.7078 2.0947 0.7764 0.0545 -0.0435 0.9969 -0.0366
1779439986.2047 -16.0958 2.0706 0.8292 0.0508 -0.0403 0.9968 -0.0467
1779439986.3048 -16.4720 2.0510 0.8178 0.0530 -0.0352 0.9966 -0.0515
1779439986.4038 -16.8621 2.0154 0.9343 0.0549 -0.0295 0.9966 -0.0544
1779439986.5047 -17.2426 1.9884 0.9360 0.0566 -0.0261 0.9964 -0.0571
1779439986.6048 -17.6176 1.9410 0.9472 0.0585 -0.0202 0.9966 -0.0542
1779439986.7038 -18.0058 1.9218 0.9723 0.0580 -0.0171 0.9968 -0.0514
1779439986.8048 -18.3664 1.8821 0.9854 0.0546 -0.0132 0.9972 -0.0486
1779439986.9046 -18.7474 1.8899 1.0707 0.0529 -0.0054 0.9976 -0.0441
1779439987.0035 -19.1185 1.8846 1.0726 0.0552 -0.0010 0.9977 -0.0399
1779439987.1030 -19.5075 1.9036 1.0534 0.0591 0.0019 0.9978 -0.0293
1779439987.2037 -19.8933 1.9234 1.0767 0.0601 0.0040 0.9981 -0.0133
1779439987.3039 -20.2247 1.9664 1.1361 0.0553 -0.0001 0.9985 0.0006
1779439987.4037 -20.5885 2.0113 1.1434 0.0528 -0.0042 0.9985 0.0170
1779439987.5039 -20.9348 2.0591 1.1984 0.0557 -0.0107 0.9979 0.0326
1779439987.6058 -21.2722 2.1118 1.2055 0.0535 -0.0187 0.9974 0.0453
1779439987.7056 -21.6343 2.1460 1.2109 0.0508 -0.0254 0.9969 0.0542
1779439987.8056 -21.9665 2.1467 1.2363 0.0459 -0.0348 0.9968 0.0562
1779439987.9070 -22.3129 2.1771 1.2675 0.0464 -0.0421 0.9965 0.0558
1779439988.0058 -22.6425 2.2064 1.3263 0.0452 -0.0484 0.9965 0.0519
1779439988.1057 -22.9870 2.2221 1.3455 0.0460 -0.0555 0.9964 0.0457
1779439988.2039 -23.3236 2.2358 1.3410 0.0494 -0.0632 0.9960 0.0392
1779439988.3049 -23.6556 2.1931 1.3948 0.0485 -0.0710 0.9958 0.0317
1779439988.4068 -23.9742 2.1805 1.3775 0.0490 -0.0776 0.9956 0.0180
1779439988.6057 -24.5716 2.0355 1.4424 0.0515 -0.0873 0.9946 -0.0241
1779439988.7052 -24.8519 1.9791 1.4475 0.0539 -0.0901 0.9932 -0.0494
1779439988.8032 -25.1000 1.8821 1.4610 0.0573 -0.0914 0.9913 -0.0755
1779439988.9049 -25.3629 1.7391 1.4837 0.0591 -0.0918 0.9887 -0.1023
1779439989.0049 -25.5922 1.6090 1.4833 0.0613 -0.0913 0.9851 -0.1319
1779439989.1036 -25.7780 1.5101 1.4897 0.0612 -0.0922 0.9808 -0.1605
1779439989.2031 -25.9458 1.3747 1.5174 0.0601 -0.0927 0.9764 -0.1856
1779439989.3038 -26.1204 1.2091 1.5138 0.0606 -0.0926 0.9705 -0.2143
1779439989.4050 -26.2573 1.0298 1.5095 0.0611 -0.0913 0.9625 -0.2482
1779439989.5040 -26.3590 0.8695 1.5098 0.0614 -0.0897 0.9532 -0.2820
1779439989.7037 -26.5604 0.5503 1.5187 0.0586 -0.0897 0.9330 -0.3437
1779439989.8028 -26.6234 0.3820 1.5166 0.0595 -0.0883 0.9185 -0.3809
1779439989.9022 -26.6362 0.2040 1.5102 0.0603 -0.0866 0.9016 -0.4195
1779439990.0033 -26.6219 0.0516 1.5336 0.0604 -0.0873 0.8859 -0.4517
1779439990.1022 -26.6575 -0.1075 1.5201 0.0632 -0.0859 0.8712 -0.4792
1779439990.2022 -26.7113 -0.2878 1.5120 0.0678 -0.0792 0.8520 -0.5131
1779439990.3019 -26.7423 -0.4378 1.4903 0.0685 -0.0755 0.8265 -0.5537
1779439990.4023 -26.7112 -0.5883 1.4725 0.0682 -0.0755 0.7982 -0.5938
1779439990.5028 -26.6073 -0.7245 1.4805 0.0665 -0.0764 0.7705 -0.6293
1779439990.6022 -26.5191 -0.8826 1.4640 0.0643 -0.0774 0.7423 -0.6625
1779439990.7022 -26.3931 -1.0001 1.4413 0.0626 -0.0793 0.7126 -0.6943
1779439990.8030 -26.2360 -1.1192 1.4346 -0.0595 0.0806 -0.6811 0.7253
1779439990.9022 -26.0925 -1.2068 1.4306 -0.0551 0.0767 -0.6445 0.7588
1779439991.0030 -25.9341 -1.2579 1.4220 -0.0507 0.0723 -0.6037 0.7923
1779439991.1023 -25.7929 -1.2959 1.4080 -0.0455 0.0690 -0.5625 0.8226
1779439991.2023 -25.6887 -1.3187 1.3745 -0.0412 0.0663 -0.5217 0.8496
1779439991.3032 -25.5332 -1.3817 1.3558 -0.0393 0.0642 -0.4816 0.8732
1779439991.4022 -25.3854 -1.4152 1.3338 -0.0375 0.0601 -0.4515 0.8894
1779439991.5023 -25.2870 -1.4390 1.3114 -0.0370 0.0586 -0.4261 0.9020
1779439991.6018 -25.1385 -1.4471 1.3057 -0.0369 0.0562 -0.3972 0.9153
1779439991.7021 -24.9778 -1.4601 1.2955 -0.0364 0.0537 -0.3702 0.9267
1779439991.8023 -24.8582 -1.4735 1.2892 -0.0389 0.0512 -0.3417 0.9376
1779439992.0023 -24.6098 -1.5099 1.2346 -0.0448 0.0470 -0.2920 0.9542
1779439992.1019 -24.4296 -1.5066 1.2107 -0.0475 0.0445 -0.2673 0.9614
1779439992.2019 -24.2957 -1.4730 1.2213 -0.0481 0.0440 -0.2396 0.9687
1779439992.3022 -24.1234 -1.4227 1.2030 -0.0461 0.0419 -0.2066 0.9764
1779439992.4019 -23.9779 -1.4228 1.2015 -0.0439 0.0395 -0.1684 0.9839
1779439992.5023 -23.8044 -1.3862 1.1865 -0.0406 0.0382 -0.1372 0.9890
1779439992.6032 -23.6146 -1.3930 1.1626 -0.0361 0.0353 -0.1074 0.9929
1779439992.7022 -23.4411 -1.3493 1.1583 -0.0330 0.0321 -0.0753 0.9961
1779439992.8023 -23.2804 -1.3084 1.1759 -0.0295 0.0299 -0.0493 0.9979
1779439992.9031 -23.1097 -1.2865 1.1603 -0.0253 0.0253 -0.0303 0.9989
1779439993.0021 -22.9473 -1.2920 1.1496 -0.0246 0.0229 -0.0147 0.9993
1779439993.1025 -22.7699 -1.2940 1.1363 -0.0231 0.0190 -0.0049 0.9995
1779439993.2020 -22.5775 -1.2848 1.1496 -0.0222 0.0175 0.0052 0.9996
1779439993.3029 -22.3854 -1.2938 1.1274 -0.0190 0.0130 0.0186 0.9996
1779439993.4024 -22.1804 -1.2215 1.1106 -0.0115 0.0125 0.0324 0.9993
1779439993.6023 -21.7819 -1.1070 1.0783 0.0060 0.0154 0.0656 0.9977
1779439993.7031 -21.5538 -1.0419 1.0354 0.0156 0.0152 0.0793 0.9966
1779439993.8022 -21.3470 -1.1030 1.0505 0.0207 0.0194 0.0829 0.9962
1779439993.9024 -21.1321 -1.1038 1.0657 0.0247 0.0202 0.0705 0.9970
1779439994.0022 -20.8940 -1.0778 1.0448 0.0237 0.0158 0.0610 0.9977
1779439994.1023 -20.6572 -1.0857 0.9866 0.0233 0.0163 0.0532 0.9982
1779439994.2011 -20.4046 -1.0657 0.9991 0.0205 0.0228 0.0471 0.9984
1779439994.3025 -20.1677 -1.0598 0.9611 0.0164 0.0251 0.0427 0.9986
1779439994.4024 -19.9080 -1.1172 0.9317 0.0119 0.0234 0.0311 0.9992
1779439994.5022 -19.6344 -1.1175 0.9479 0.0035 0.0245 0.0207 0.9995
1779439994.6025 -19.3486 -1.0974 0.9175 -0.0023 0.0203 0.0120 0.9997
1779439994.7031 -19.0598 -1.0816 0.8947 -0.0045 0.0179 0.0110 0.9998
1779439994.8022 -18.7978 -1.0289 0.8807 -0.0091 0.0175 0.0191 0.9996
1779439994.9024 -18.5153 -1.0267 0.8628 -0.0066 0.0145 0.0243 0.9996
1779439995.0026 -18.2250 -0.9861 0.8493 -0.0057 0.0143 0.0313 0.9994
1779439995.1024 -17.9293 -0.9734 0.8146 -0.0038 0.0138 0.0403 0.9991
1779439995.2024 -17.6226 -0.9225 0.8085 -0.0033 0.0131 0.0481 0.9987
1779439995.3021 -17.3264 -0.8704 0.8048 -0.0029 0.0153 0.0560 0.9983
1779439995.4024 -17.0316 -0.8249 0.7469 0.0011 0.0139 0.0613 0.9980
1779439995.5031 -16.7101 -0.7849 0.7652 0.0061 0.0123 0.0683 0.9976
1779439995.6023 -16.4041 -0.7545 0.7114 0.0111 0.0148 0.0742 0.9971
1779439995.7024 -16.0871 -0.7116 0.6801 0.0140 0.0165 0.0729 0.9971
1779439995.9023 -15.4648 -0.6420 0.6621 0.0202 0.0190 0.0675 0.9973
1779439996.0024 -15.1534 -0.6070 0.6498 0.0249 0.0162 0.0638 0.9975
1779439996.1021 -14.8302 -0.5629 0.5842 0.0299 0.0172 0.0584 0.9977
1779439996.2024 -14.4819 -0.5457 0.5655 0.0324 0.0173 0.0478 0.9982
1779439996.3009 -14.1759 -0.5797 0.5408 0.0294 0.0199 0.0338 0.9988
1779439996.4022 -13.8507 -0.5992 0.5298 0.0187 0.0199 0.0214 0.9994
1779439996.5024 -13.5373 -0.6072 0.4790 0.0052 0.0177 0.0084 0.9998
1779439996.7025 -12.8617 -0.6100 0.3846 -0.0145 0.0218 -0.0012 0.9997
1779439996.8031 -12.5244 -0.6018 0.3759 -0.0189 0.0260 0.0082 0.9994
1779439996.9022 -12.2001 -0.5592 0.3860 -0.0212 0.0293 0.0161 0.9992
1779439997.0032 -11.8451 -0.5512 0.4195 -0.0223 0.0318 0.0226 0.9990
1779439997.1011 -11.4909 -0.4982 0.3484 -0.0177 0.0210 0.0317 0.9991
1779439997.2034 -11.1441 -0.4568 0.3012 -0.0120 0.0205 0.0416 0.9989
1779439997.3026 -10.8015 -0.3915 0.3042 -0.0057 0.0159 0.0529 0.9985
1779439997.4022 -10.4555 -0.3409 0.3087 -0.0018 0.0191 0.0591 0.9981
1779439997.5026 -10.0856 -0.2791 0.1247 0.0023 0.0181 0.0627 0.9979
1779439997.6035 -9.7396 -0.2525 0.2690 0.0028 0.0298 0.0710 0.9970
1779439997.7024 -9.4060 -0.1529 0.0160 0.0084 0.0257 0.0753 0.9968
1779439997.8025 -9.0091 -0.1384 0.2777 0.0105 0.0278 0.0727 0.9969
1779439997.9034 -8.6446 -0.0919 0.0337 0.0091 0.0186 0.0675 0.9975
1779439998.0023 -8.2581 -0.0716 0.1016 0.0093 0.0149 0.0580 0.9982
1779439998.1025 -7.9043 -0.0747 0.0579 0.0066 0.0164 0.0507 0.9986
1779439998.2025 -7.5336 -0.0782 -0.0371 0.0044 0.0151 0.0461 0.9988
1779439998.3024 -7.1731 -0.0677 -0.0525 0.0066 0.0171 0.0459 0.9988
1779439998.4026 -6.8019 -0.0168 -0.0636 0.0067 0.0209 0.0530 0.9984
1779439998.5024 -6.4377 0.0327 -0.1288 0.0102 0.0162 0.0598 0.9980
1779439998.6026 -6.0495 0.0811 -0.0802 0.0123 0.0262 0.0646 0.9975
1779439998.7028 -5.6270 0.1404 0.1847 0.0156 0.0132 0.0702 0.9973
1779439998.8024 -5.2088 0.2640 0.2196 0.0136 -0.0087 0.0635 0.9979
1779439998.9026 -4.7815 0.2433 -0.1187 0.0120 -0.0445 0.0453 0.9979
1779439999.1026 -4.0653 0.2061 -0.1004 0.0021 -0.0349 0.0289 0.9990
1779439999.2021 -3.7112 0.2577 0.0003 0.0015 -0.0393 0.0367 0.9986
1779439999.3021 -3.3418 0.2900 -0.0403 0.0031 -0.0369 0.0465 0.9982
1779439999.4023 -2.9999 0.3064 -0.0583 0.0066 -0.0341 0.0522 0.9980
1779439999.5022 -2.6484 0.3355 -0.0312 0.0089 -0.0282 0.0561 0.9980
1779439999.6024 -2.3430 0.4061 0.0147 0.0099 -0.0237 0.0583 0.9980
1779439999.7027 -2.0228 0.4393 -0.0835 0.0098 -0.0228 0.0613 0.9978
1779439999.8022 -1.6921 0.4681 0.0529 0.0104 -0.0200 0.0652 0.9976
1779439999.9025 -1.3774 0.5151 -0.0053 0.0127 -0.0158 0.0675 0.9975
1779440000.0027 -1.0524 0.5521 -0.0832 0.0135 -0.0154 0.0684 0.9974
1779440000.1022 -0.7558 0.5803 -0.0707 0.0164 -0.0121 0.0645 0.9977
1779440000.3023 -0.1427 0.6005 -0.1382 0.0156 -0.0045 0.0551 0.9984
1779440000.4028 0.1532 0.6213 -0.0672 0.0152 0.0007 0.0504 0.9986
1779440000.5036 0.4337 0.6492 -0.1218 0.0157 0.0041 0.0495 0.9986
1779440000.6022 0.7068 0.6767 -0.1973 0.0193 0.0070 0.0471 0.9987
1779440000.7033 0.9994 0.6998 -0.1620 0.0208 0.0133 0.0456 0.9987
1779440000.8033 1.2966 0.7316 -0.1858 0.0184 0.0167 0.0431 0.9988
1779440000.9025 1.5755 0.7384 -0.2539 0.0169 0.0195 0.0328 0.9991
1779440001.0027 1.8495 0.7230 -0.2635 0.0123 0.0228 0.0228 0.9994
1779440001.1024 2.1057 0.7024 -0.2607 0.0075 0.0258 0.0168 0.9995
1779440001.2034 2.4021 0.6868 -0.2677 0.0035 0.0291 0.0138 0.9995
1779440001.3025 2.6719 0.7010 -0.4226 0.0008 0.0286 0.0171 0.9994
1779440001.4025 2.9649 0.7372 -0.3346 -0.0006 0.0332 0.0184 0.9993
1779440001.5036 3.2420 0.7559 -0.4066 -0.0021 0.0364 0.0184 0.9992
1779440001.6026 3.4991 0.7570 -0.5001 -0.0034 0.0384 0.0202 0.9991
1779440001.7034 3.7881 0.7682 -0.4780 -0.0057 0.0431 0.0213 0.9988
1779440001.9042 4.3716 0.7954 -0.5824 -0.0123 0.0499 0.0274 0.9983
1779440002.0036 4.6519 0.8359 -0.6398 -0.0132 0.0519 0.0358 0.9979
1779440002.1027 4.9202 0.8903 -0.6678 -0.0132 0.0546 0.0471 0.9973
1779440002.2044 5.1994 0.9167 -0.7192 -0.0107 0.0562 0.0569 0.9967
1779440002.3053 5.4862 0.9369 -0.7653 -0.0060 0.0580 0.0668 0.9961
1779440002.4053 5.7618 0.9823 -0.8366 0.0006 0.0603 0.0760 0.9953
1779440002.5055 6.0504 1.0465 -0.8654 0.0088 0.0631 0.0846 0.9944
1779440002.6064 6.3535 1.0982 -0.8939 0.0200 0.0654 0.0943 0.9932
1779440002.7058 6.6557 1.1941 -0.9706 0.0339 0.0690 0.1002 0.9920
1779440002.8063 7.0034 1.2574 -1.0628 0.0476 0.0672 0.1005 0.9915
1779440002.9063 7.3371 1.3224 -1.0640 0.0604 0.0728 0.0899 0.9914
1779440003.0058 7.6816 1.3502 -1.1709 0.0699 0.0736 0.0739 0.9921
1779440003.1058 8.0046 1.3636 -1.2458 0.0781 0.0763 0.0571 0.9924
1779440003.2037 8.3603 1.3508 -1.3026 0.0838 0.0771 0.0400 0.9927
1779440003.3036 8.7197 1.2432 -1.3492 0.0894 0.0774 0.0201 0.9928
1779440003.5034 9.4608 1.1181 -1.3171 0.0994 0.0412 -0.0422 0.9933
1779440003.6037 9.8482 0.9411 -1.2550 0.1026 0.0230 -0.0710 0.9919
1779440003.7056 10.1667 0.8736 -1.5465 0.0954 0.0045 -0.1026 0.9901
1779440003.8046 10.5101 0.6853 -1.5129 0.1008 0.0063 -0.1281 0.9866
1779440003.9044 10.7816 0.5475 -1.4817 0.1082 0.0200 -0.1488 0.9827
1779440004.0028 11.0673 0.3339 -1.5984 0.1018 0.0049 -0.1793 0.9785
1779440004.1044 11.4122 0.0484 -1.5838 0.1010 -0.0025 -0.2188 0.9705
1779440004.2035 11.6404 -0.2254 -1.6184 0.1012 -0.0041 -0.2600 0.9603
1779440004.3045 11.8275 -0.4488 -1.6604 0.0954 -0.0065 -0.3007 0.9489
1779440004.5027 12.2385 -1.0112 -1.7057 0.0872 -0.0146 -0.3721 0.9240
1779440004.6026 12.3668 -1.3075 -1.7385 0.0805 -0.0167 -0.4085 0.9090
1779440004.7028 12.5030 -1.5884 -1.7410 0.0717 -0.0191 -0.4439 0.8930
1779440004.9028 12.7070 -2.1871 -1.7483 0.0640 -0.0162 -0.5028 0.8619
1779440005.0028 12.7284 -2.5015 -1.7329 0.0565 -0.0165 -0.5292 0.8464
1779440005.1013 12.7484 -2.8046 -1.7477 0.0505 -0.0162 -0.5542 0.8307
1779440005.2026 12.7840 -3.1036 -1.7412 0.0425 -0.0143 -0.5774 0.8152
1779440005.3014 12.8311 -3.4120 -1.7136 0.0340 -0.0114 -0.6013 0.7982
1779440005.4028 12.8002 -3.7090 -1.7663 0.0222 -0.0071 -0.6227 0.7821
1779440005.5028 12.8138 -4.0251 -1.7259 0.0118 -0.0022 -0.6434 0.7654
1779440005.6026 12.8013 -4.3342 -1.7260 0.0034 0.0055 -0.6606 0.7507
1779440005.7026 12.7667 -4.6526 -1.7440 -0.0082 0.0120 -0.6716 0.7407
1779440005.9025 12.7705 -5.2739 -1.7548 -0.0185 0.0195 -0.6750 0.7374
1779440006.0025 12.7991 -5.5785 -1.8113 -0.0200 0.0203 -0.6737 0.7385
1779440006.1028 12.8214 -5.8876 -1.8406 -0.0191 0.0187 -0.6733 0.7389
1779440006.2026 12.8485 -6.2086 -1.8552 -0.0173 0.0197 -0.6728 0.7393
1779440006.3025 12.8952 -6.5284 -1.8205 -0.0177 0.0211 -0.6728 0.7393
1779440006.5026 12.9175 -7.1684 -1.8695 -0.0188 0.0206 -0.6803 0.7324
1779440006.6026 12.9255 -7.4820 -1.8940 -0.0202 0.0214 -0.6839 0.7290
1779440006.7027 12.9323 -7.7951 -1.9836 -0.0189 0.0261 -0.6878 0.7252
1779440006.8030 12.9317 -8.1272 -2.0015 -0.0199 0.0280 -0.6919 0.7212
1779440006.9025 12.9181 -8.4369 -2.0568 -0.0145 0.0338 -0.6950 0.7181
1779440007.0030 12.9326 -8.7862 -1.9818 -0.0128 0.0333 -0.6995 0.7137
1779440007.1029 12.9316 -9.1066 -2.0180 -0.0112 0.0332 -0.7037 0.7096
1779440007.3035 12.8738 -9.7781 -2.0558 0.0116 -0.0340 0.7113 -0.7020
1779440007.4036 12.8478 -10.1184 -2.1219 0.0166 -0.0346 0.7152 -0.6979
1779440007.5045 12.8297 -10.4674 -2.0469 0.0183 -0.0416 0.7174 -0.6952
1779440007.6045 12.8126 -10.8111 -2.0511 0.0257 -0.0466 0.7190 -0.6929
1779440007.7028 12.7826 -11.1523 -2.1480 0.0340 -0.0516 0.7210 -0.6902
1779440007.8029 12.7563 -11.5074 -2.1674 0.0383 -0.0565 0.7187 -0.6919
1779440007.9044 12.7647 -11.8647 -2.2502 0.0396 -0.0579 0.7091 -0.7016
1779440008.0044 12.8010 -12.2273 -2.2085 -0.0378 0.0600 -0.6981 0.7125
1779440008.1036 12.8895 -12.6024 -2.1838 -0.0368 0.0596 -0.6896 0.7208
1779440008.2035 12.9015 -12.9447 -2.2627 -0.0369 0.0567 -0.6825 0.7278
1779440008.3038 12.9055 -13.3064 -2.3076 -0.0327 0.0512 -0.6762 0.7342
1779440008.4045 12.9541 -13.6784 -2.2920 -0.0292 0.0490 -0.6672 0.7427
1779440008.5045 13.0126 -14.0535 -2.2936 -0.0255 0.0454 -0.6626 0.7472
1779440008.6057 13.0529 -14.4169 -2.3553 -0.0226 0.0425 -0.6612 0.7486
1779440008.7057 13.0639 -14.7964 -2.3791 -0.0217 0.0385 -0.6587 0.7511
1779440008.8055 13.1367 -15.1630 -2.4022 -0.0156 0.0357 -0.6583 0.7517
1779440008.9058 13.2056 -15.5396 -2.4321 -0.0150 0.0324 -0.6568 0.7532
1779440009.0059 13.2480 -15.9305 -2.4663 -0.0116 0.0304 -0.6603 0.7503
1779440009.1055 13.2679 -16.3127 -2.5313 -0.0117 0.0267 -0.6656 0.7458
1779440009.2046 13.3119 -16.6714 -2.5014 -0.0072 0.0268 -0.6681 0.7435
1779440009.3055 13.3362 -17.0546 -2.5477 -0.0033 0.0258 -0.6715 0.7405
1779440009.4058 13.3481 -17.4452 -2.5511 -0.0035 0.0248 -0.6762 0.7363
1779440009.5044 13.3418 -17.8315 -2.5579 -0.0066 0.0277 -0.6825 0.7303
1779440009.6057 13.3207 -18.2278 -2.5544 -0.0129 0.0304 -0.6913 0.7218
1779440009.7057 13.3014 -18.6098 -2.6130 -0.0223 0.0367 -0.6981 0.7147
1779440009.8045 13.2955 -18.9860 -2.6385 -0.0289 0.0425 -0.7025 0.7098
1779440009.9055 13.2889 -19.3719 -2.6808 -0.0347 0.0465 -0.6998 0.7120
1779440010.0055 13.2922 -19.7517 -2.6834 -0.0376 0.0501 -0.6909 0.7202
1779440010.1038 13.3394 -20.1255 -2.7149 -0.0379 0.0505 -0.6845 0.7263
1779440010.2046 13.3790 -20.5271 -2.6711 -0.0386 0.0504 -0.6780 0.7323
1779440010.3037 13.4142 -20.9133 -2.6724 -0.0392 0.0475 -0.6712 0.7387
1779440010.4038 13.4717 -21.2956 -2.6461 -0.0426 0.0339 -0.6630 0.7466
1779440010.5039 13.5278 -21.6579 -2.6625 -0.0384 0.0292 -0.6544 0.7546
1779440010.6030 13.5592 -22.0218 -2.8071 -0.0361 0.0194 -0.6475 0.7609
1779440010.7039 13.6007 -22.3876 -2.7757 -0.0259 0.0208 -0.6433 0.7649
1779440010.8046 13.6322 -22.7660 -2.7708 -0.0207 0.0172 -0.6446 0.7640
1779440010.9036 13.6633 -23.1402 -2.7408 -0.0182 0.0126 -0.6508 0.7589
1779440011.0045 13.6668 -23.4900 -2.8595 -0.0164 0.0123 -0.6568 0.7538
1779440011.1036 13.6668 -23.8621 -2.7962 -0.0150 0.0100 -0.6620 0.7493
1779440011.2045 13.6781 -24.1984 -2.7746 -0.0097 0.0148 -0.6683 0.7437
1779440011.3044 13.6653 -24.5629 -2.8540 -0.0144 0.0137 -0.6741 0.7384
1779440011.5039 13.6182 -25.2769 -2.9545 -0.0242 0.0204 -0.6932 0.7200
1779440011.7046 13.5577 -25.9480 -2.9808 0.0356 -0.0333 0.7067 -0.7059
1779440011.8046 13.5849 -26.3130 -2.8644 0.0383 -0.0402 0.7081 -0.7039
1779440011.9039 13.5912 -26.6463 -2.9365 -0.0382 0.0509 -0.7048 0.7065
1779440012.0057 13.5757 -26.9976 -2.9890 -0.0392 0.0510 -0.7020 0.7092
1779440012.1046 13.5985 -27.3472 -3.0772 -0.0378 0.0549 -0.6979 0.7131
1779440012.2045 13.6498 -27.6959 -2.9440 -0.0350 0.0592 -0.6909 0.7197
1779440012.3058 13.6503 -28.0296 -3.1093 -0.0324 0.0576 -0.6852 0.7253
1779440012.4038 13.7042 -28.4124 -2.9720 -0.0326 0.0563 -0.6788 0.7314
1779440012.5039 13.7184 -28.7535 -2.9975 -0.0326 0.0559 -0.6720 0.7377
1779440012.7039 13.7895 -29.4656 -3.1850 -0.0437 0.0489 -0.6667 0.7424
1779440012.8045 13.8041 -29.8632 -3.2173 -0.0497 0.0448 -0.6639 0.7448
1779440012.9040 13.9061 -30.2062 -3.0646 -0.0453 0.0560 -0.6631 0.7451
1779440013.0031 13.9144 -30.5804 -3.0443 -0.0501 0.0559 -0.6607 0.7469
1779440013.1049 13.9337 -30.9435 -3.2249 -0.0540 0.0545 -0.6588 0.7484
1779440013.3056 14.0839 -31.6596 -3.3020 -0.0505 0.0603 -0.6498 0.7560
1779440013.4066 14.1965 -32.0358 -3.2543 -0.0415 0.0646 -0.6386 0.7657
1779440013.5056 14.3017 -32.3787 -3.2838 -0.0362 0.0601 -0.6221 0.7798
1779440013.6049 14.3942 -32.7003 -3.2493 -0.0286 0.0550 -0.6045 0.7942
1779440013.7061 14.4806 -33.0466 -3.3218 -0.0184 0.0502 -0.5968 0.8006
1779440013.8056 14.5800 -33.3938 -3.3681 -0.0139 0.0445 -0.5973 0.8007
1779440013.9058 14.6506 -33.7839 -3.3971 -0.0147 0.0437 -0.6006 0.7982
1779440014.0061 14.7164 -34.1575 -3.3857 -0.0151 0.0415 -0.6117 0.7898
1779440014.1058 14.7890 -34.5188 -3.5110 -0.0224 0.0426 -0.6173 0.7852
1779440014.3058 14.9168 -35.2668 -3.5296 -0.0263 0.0464 -0.6215 0.7816
1779440014.4056 15.0150 -35.6387 -3.5577 -0.0317 0.0490 -0.6211 0.7816
1779440014.5038 15.1007 -36.0165 -3.5587 -0.0356 0.0515 -0.6206 0.7816
1779440014.6056 15.1785 -36.3798 -3.7134 -0.0426 0.0565 -0.6204 0.7811
1779440014.7060 15.2825 -36.7770 -3.6402 -0.0493 0.0623 -0.6163 0.7835
1779440014.8048 15.3778 -37.1544 -3.6965 -0.0532 0.0690 -0.6123 0.7858
1779440014.9048 15.5246 -37.5399 -3.7378 -0.0634 0.0694 -0.6013 0.7934
1779440015.0058 15.6491 -37.9121 -3.7553 -0.0679 0.0745 -0.5869 0.8034
1779440015.1047 15.8304 -38.2657 -3.8006 -0.0697 0.0774 -0.5740 0.8122
1779440015.2067 16.0096 -38.6072 -3.8423 -0.0756 0.0811 -0.5552 0.8243
1779440015.3056 16.1524 -38.9285 -3.8548 -0.0770 0.0820 -0.5404 0.8338
1779440015.4059 16.3847 -39.2323 -3.9083 -0.0792 0.0822 -0.5247 0.8436
1779440015.5066 16.5818 -39.5399 -3.9215 -0.0816 0.0852 -0.5040 0.8556
1779440015.6061 16.7939 -39.8009 -3.9382 -0.0824 0.0864 -0.4860 0.8658
1779440015.7077 17.0286 -40.0366 -3.9913 -0.0867 0.0825 -0.4673 0.8759
1779440015.8075 17.2737 -40.2953 -4.0281 -0.0902 0.0807 -0.4463 0.8867
1779440015.9061 17.5556 -40.5083 -4.0480 -0.0901 0.0770 -0.4227 0.8985
1779440016.0062 17.8450 -40.6940 -4.1025 -0.0881 0.0728 -0.3920 0.9128
1779440016.1057 18.1274 -40.8648 -4.1019 -0.0847 0.0718 -0.3619 0.9256
1779440016.3067 18.7249 -41.2061 -4.1842 -0.0709 0.0672 -0.3071 0.9466
1779440016.4057 19.0069 -41.3470 -4.1489 -0.0641 0.0619 -0.2822 0.9552
1779440016.5057 19.3427 -41.4542 -4.1700 -0.0534 0.0563 -0.2574 0.9632
1779440016.7047 19.8829 -41.7236 -4.1620 -0.0300 0.0463 -0.2147 0.9751
1779440016.8057 20.1461 -41.8685 -4.2672 -0.0194 0.0391 -0.2081 0.9771
1779440016.9060 20.4396 -42.0187 -4.2486 -0.0106 0.0379 -0.2054 0.9779
1779440017.0047 20.7312 -42.1210 -4.3729 -0.0039 0.0359 -0.2009 0.9790
1779440017.1047 21.0197 -42.2422 -4.3620 0.0077 0.0372 -0.2035 0.9783
1779440017.2048 21.3236 -42.3813 -4.4334 0.0172 0.0377 -0.2084 0.9772
1779440017.3057 21.6448 -42.5106 -4.3771 0.0292 0.0363 -0.2096 0.9767
1779440017.5031 22.2521 -42.8419 -4.3625 0.0532 0.0230 -0.2167 0.9745
1779440017.6029 22.5842 -43.0396 -4.3933 0.0607 0.0100 -0.2311 0.9710
1779440017.7028 22.8463 -43.2463 -4.6135 0.0650 0.0059 -0.2514 0.9657
1779440017.8028 23.1181 -43.5060 -4.6030 0.0739 0.0050 -0.2740 0.9589
1779440017.9029 23.3653 -43.7080 -4.6662 0.0828 0.0085 -0.2966 0.9514
1779440018.0017 23.6203 -43.9436 -4.6314 0.0897 0.0102 -0.3177 0.9439
1779440018.1028 23.8517 -44.2497 -4.6896 0.0886 0.0059 -0.3470 0.9337
1779440018.2028 24.0072 -44.4977 -4.7731 0.0871 0.0041 -0.3805 0.9207
1779440018.3030 24.2038 -44.7877 -4.7945 0.0862 0.0036 -0.4127 0.9068
1779440018.4031 24.3679 -45.1065 -4.8089 0.0833 0.0033 -0.4448 0.8917
1779440018.5033 24.5043 -45.4386 -4.8703 0.0740 0.0009 -0.4759 0.8764
1779440018.6058 24.6070 -45.7626 -4.8995 0.0669 0.0022 -0.5052 0.8604
1779440018.7064 24.7500 -46.0799 -4.9244 0.0605 0.0068 -0.5324 0.8443
1779440018.8058 24.8330 -46.4084 -4.9645 0.0519 0.0085 -0.5539 0.8309
1779440018.9060 24.9522 -46.7289 -4.9941 0.0485 0.0106 -0.5693 0.8206
1779440019.0062 25.0302 -47.0619 -4.9969 0.0472 0.0128 -0.5786 0.8141
1779440019.1048 25.1360 -47.3991 -5.0253 0.0448 0.0106 -0.5902 0.8060
1779440019.3040 25.2264 -48.1063 -5.1419 0.0412 0.0074 -0.6134 0.7887
1779440019.4042 25.2432 -48.4778 -5.1849 0.0420 0.0086 -0.6267 0.7781
1779440019.5047 25.2971 -48.8189 -5.2092 0.0446 0.0113 -0.6410 0.7662
1779440019.6049 25.2808 -49.2082 -5.2292 0.0357 0.0122 -0.6580 0.7521
1779440019.7048 25.2691 -49.5684 -5.2612 0.0259 0.0153 -0.6806 0.7320
1779440019.8048 25.2068 -49.9230 -5.3378 0.0142 0.0233 -0.7001 0.7135
1779440019.9048 25.1479 -50.2643 -5.3971 -0.0055 -0.0357 0.7152 -0.6980
1779440020.0058 25.1450 -50.5935 -5.4104 -0.0077 -0.0521 0.7227 -0.6892
1779440020.1037 25.1588 -50.9231 -5.4190 -0.0017 -0.0628 0.7210 -0.6901
1779440020.2041 25.1545 -51.2847 -5.4580 -0.0019 -0.0718 0.7200 -0.6903
1779440020.3039 25.1640 -51.6736 -5.4770 0.0164 -0.0667 0.7176 -0.6931
1779440020.4038 25.2074 -52.0680 -5.4217 0.0223 -0.0678 0.7114 -0.6991
1779440020.5038 25.1920 -52.4679 -5.5628 -0.0284 0.0609 -0.7053 0.7057
1779440020.6029 25.2421 -52.8603 -5.5853 -0.0279 0.0607 -0.6998 0.7112
1779440020.7030 25.2514 -53.2472 -5.6234 -0.0225 0.0639 -0.6931 0.7176
1779440020.8041 25.2766 -53.6495 -5.6564 -0.0202 0.0609 -0.6872 0.7237
1779440020.9039 25.3315 -54.0400 -5.6713 -0.0174 0.0592 -0.6815 0.7293
1779440021.0048 25.3496 -54.4553 -5.7255 -0.0163 0.0562 -0.6766 0.7340
1779440021.1028 25.3803 -54.8603 -5.7588 -0.0158 0.0529 -0.6768 0.7341
1779440021.2031 25.3920 -55.2617 -5.8284 -0.0138 0.0537 -0.6777 0.7332
1779440021.3041 25.4269 -55.6699 -5.8371 -0.0128 0.0522 -0.6781 0.7330
1779440021.5033 25.4779 -56.5540 -5.8926 -0.0126 0.0463 -0.6812 0.7305
1779440021.6048 25.4735 -56.9589 -5.9471 -0.0105 0.0432 -0.6833 0.7288
1779440021.7046 25.4922 -57.3768 -5.9793 -0.0095 0.0396 -0.6863 0.7262
1779440021.8041 25.5061 -57.8116 -6.0275 -0.0052 0.0400 -0.6886 0.7240
1779440021.9059 25.5095 -58.2703 -6.0537 -0.0113 0.0389 -0.6926 0.7202
1779440022.0058 25.4827 -58.7054 -6.0650 -0.0168 0.0418 -0.7007 0.7120
1779440022.1060 25.4649 -59.1189 -6.1792 0.0206 -0.0481 0.7101 -0.7022
1779440022.2049 25.4503 -59.5292 -6.2351 0.0297 -0.0587 0.7152 -0.6958
1779440022.3061 25.4504 -59.9789 -6.1939 0.0305 -0.0697 0.7147 -0.6953
1779440022.5048 25.5004 -60.8612 -6.2345 -0.0363 0.0644 -0.6954 0.7148
1779440022.6058 25.5024 -61.3165 -6.2882 -0.0281 0.0610 -0.6864 0.7241
1779440022.7048 25.5244 -61.7662 -6.3672 -0.0263 0.0541 -0.6816 0.7293
1779440022.8038 25.5735 -62.2140 -6.3646 -0.0207 0.0538 -0.6807 0.7303
1779440022.9041 25.6177 -62.6734 -6.4305 -0.0182 0.0530 -0.6782 0.7328
1779440023.0048 25.6372 -63.1457 -6.4699 -0.0200 0.0466 -0.6765 0.7347
1779440023.1039 25.6632 -63.6011 -6.4768 -0.0200 0.0471 -0.6765 0.7347
1779440023.2028 25.6916 -64.0656 -6.5325 -0.0256 0.0448 -0.6780 0.7332
1779440023.3031 25.6981 -64.5575 -6.5090 -0.0265 0.0440 -0.6824 0.7291
1779440023.4033 25.7076 -65.0003 -6.6106 -0.0288 0.0414 -0.6865 0.7254
1779440023.5031 25.7376 -65.4454 -6.5986 -0.0296 0.0457 -0.6891 0.7226
1779440023.6028 25.7704 -65.8946 -6.6623 -0.0269 0.0480 -0.6893 0.7224
1779440023.7029 25.7979 -66.3866 -6.6417 -0.0311 0.0493 -0.6858 0.7255
1779440023.8014 25.8322 -66.8528 -6.6603 -0.0330 0.0469 -0.6821 0.7290
1779440023.9029 25.8742 -67.3179 -6.7127 -0.0319 0.0458 -0.6780 0.7329
1779440024.0031 25.9017 -67.7680 -6.7813 -0.0278 0.0463 -0.6740 0.7368
1779440024.1039 25.9523 -68.2101 -6.8415 -0.0241 0.0472 -0.6703 0.7402
1779440024.2049 25.9843 -68.7088 -6.7490 -0.0149 0.0472 -0.6668 0.7436
1779440024.3040 26.0052 -69.1671 -6.8891 -0.0110 0.0399 -0.6654 0.7454
1779440024.4041 26.0691 -69.6581 -6.8655 -0.0105 0.0299 -0.6659 0.7453
1779440024.5049 26.0848 -70.1431 -6.8532 -0.0066 0.0254 -0.6682 0.7436
1779440024.6031 26.1138 -70.6177 -7.0149 -0.0068 0.0220 -0.6744 0.7380
1779440024.7033 26.0997 -71.1165 -6.9689 -0.0074 0.0219 -0.6829 0.7302
1779440024.8049 26.0962 -71.5728 -7.0544 -0.0124 0.0260 -0.6903 0.7230
1779440024.9040 26.0618 -72.0564 -7.1068 -0.0206 0.0310 -0.6985 0.7146
1779440025.0033 26.0801 -72.5092 -7.0743 -0.0276 0.0392 -0.7027 0.7098
1779440025.1018 26.0738 -72.9772 -7.0684 -0.0331 0.0450 -0.7022 0.7098
1779440025.2030 26.0650 -73.4603 -7.1206 -0.0349 0.0456 -0.7023 0.7096
1779440025.3029 26.0716 -73.9613 -7.1877 -0.0379 0.0488 -0.6978 0.7136
1779440025.4015 26.1155 -74.4372 -7.1546 -0.0376 0.0483 -0.6947 0.7167
1779440025.5031 26.1387 -74.8990 -7.1656 -0.0347 0.0468 -0.6914 0.7201
1779440025.6040 26.1482 -75.3880 -7.1899 -0.0380 0.0426 -0.6855 0.7258
1779440025.7034 26.1650 -75.8427 -7.2615 -0.0346 0.0420 -0.6830 0.7284
1779440025.8040 26.2006 -76.3188 -7.2570 -0.0346 0.0434 -0.6813 0.7299
1779440025.9031 26.2148 -76.7745 -7.4022 -0.0379 0.0425 -0.6826 0.7286
1779440026.1031 26.2428 -77.7185 -7.3229 -0.0384 0.0541 -0.6879 0.7227
1779440026.2039 26.2162 -78.2110 -7.4273 -0.0431 0.0531 -0.6875 0.7230
1779440026.3049 26.2881 -78.6601 -7.3423 -0.0422 0.0587 -0.6840 0.7259
1779440026.5038 26.4207 -79.6000 -7.3559 -0.0430 0.0542 -0.6741 0.7354
1779440026.6039 26.4592 -80.0684 -7.4388 -0.0416 0.0532 -0.6643 0.7444
1779440026.7040 26.5029 -80.5506 -7.5219 -0.0394 0.0452 -0.6562 0.7522
1779440026.8039 26.5826 -81.0206 -7.4582 -0.0323 0.0459 -0.6516 0.7565
1779440026.9047 26.6389 -81.4694 -7.6176 -0.0288 0.0432 -0.6500 0.7581
1779440027.0038 26.7249 -81.9502 -7.5812 -0.0254 0.0404 -0.6524 0.7564
1779440027.1032 26.7707 -82.4313 -7.6002 -0.0205 0.0396 -0.6546 0.7546
1779440027.2029 26.8077 -82.8850 -7.6686 -0.0195 0.0345 -0.6562 0.7536
1779440027.3031 26.8789 -83.3627 -7.6182 -0.0147 0.0319 -0.6586 0.7517
