1779438936.0062 0.0000 0.0000 0.0000 0.0000 0.0000 0.0000 1.0000
1779438936.1104 0.1540 0.0662 0.0171 0.0013 0.0003 0.0261 0.9997
1779438936.2093 0.3140 0.1247 -0.0054 0.0049 -0.0009 0.0539 0.9985
1779438936.3095 0.4887 0.2133 -0.0189 0.0102 -0.0018 0.0760 0.9971
1779438936.4094 0.6608 0.2730 -0.0171 0.0134 -0.0008 0.0981 0.9951
1779438936.5101 0.8077 0.3116 -0.0511 0.0182 0.0013 0.1117 0.9936
1779438936.6094 0.9884 0.3820 -0.0481 0.0210 0.0037 0.1227 0.9922
1779438936.7099 1.1595 0.4355 -0.0972 0.0215 0.0078 0.1278 0.9915
1779438936.8092 1.3207 0.4388 -0.0723 0.0225 0.0121 0.1276 0.9915
1779438936.9080 1.5156 0.4759 -0.0706 0.0204 0.0123 0.1289 0.9914
1779438937.1092 1.8870 0.5520 -0.0769 0.0205 0.0097 0.1229 0.9922
1779438937.2095 2.0770 0.6135 -0.0483 0.0221 0.0087 0.1262 0.9917
1779438937.3092 2.2900 0.6823 -0.0518 0.0266 0.0021 0.1294 0.9912
1779438937.4090 2.4816 0.7312 -0.1086 0.0290 -0.0001 0.1387 0.9899
1779438937.5094 2.6805 0.7953 -0.1406 0.0324 0.0015 0.1410 0.9895
1779438937.6090 2.8857 0.8415 -0.1360 0.0322 0.0057 0.1425 0.9893
1779438937.7079 3.0884 0.8815 -0.1501 0.0325 0.0074 0.1392 0.9897
1779438937.9091 3.5056 0.9853 -0.2625 0.0296 0.0160 0.1330 0.9905
1779438938.1094 3.9376 1.0222 -0.1274 0.0217 0.0512 0.1250 0.9906
1779438938.2096 4.1553 1.1038 -0.3028 0.0233 0.0281 0.1200 0.9921
1779438938.3096 4.4054 1.1918 -0.1274 0.0242 0.0178 0.1207 0.9922
1779438938.4093 4.6092 1.2238 -0.0933 0.0216 0.0131 0.1258 0.9917
1779438938.5092 4.8661 1.3370 -0.1693 0.0279 -0.0260 0.1234 0.9916
1779438938.6107 5.0715 1.3663 -0.1798 0.0236 -0.0141 0.1249 0.9918
1779438938.7091 5.2878 1.4094 -0.3112 0.0219 -0.0131 0.1270 0.9916
1779438938.9108 5.6986 1.5402 -0.2177 0.0196 -0.0052 0.1352 0.9906
1779438939.0089 5.9110 1.6147 -0.2421 0.0227 -0.0091 0.1466 0.9889
1779438939.1096 6.1016 1.6903 -0.2286 0.0252 -0.0089 0.1556 0.9875
1779438939.2078 6.2964 1.7611 -0.2143 0.0256 -0.0100 0.1622 0.9864
1779438939.3079 6.4851 1.8408 -0.2244 0.0246 -0.0117 0.1656 0.9858
1779438939.4091 6.7050 1.9155 -0.2300 0.0234 -0.0131 0.1678 0.9855
1779438939.5076 6.9067 2.0204 -0.2317 0.0207 -0.0126 0.1740 0.9845
1779438939.6071 7.1407 2.1195 -0.2315 0.0208 -0.0131 0.1810 0.9832
1779438939.7078 7.3596 2.2188 -0.2304 0.0209 -0.0138 0.1922 0.9810
1779438939.8068 7.5740 2.3314 -0.2421 0.0230 -0.0136 0.2008 0.9793
1779438939.9070 7.7863 2.4478 -0.2381 0.0260 -0.0130 0.2051 0.9783
1779438940.0078 8.0285 2.5346 -0.2088 0.0280 -0.0140 0.2045 0.9784
1779438940.1071 8.2614 2.6144 -0.2142 0.0301 -0.0155 0.2036 0.9785
1779438940.2072 8.4986 2.7045 -0.2201 0.0308 -0.0159 0.2038 0.9784
1779438940.3069 8.7227 2.8063 -0.2272 0.0316 -0.0147 0.2023 0.9787
1779438940.4076 8.9656 2.9098 -0.2377 0.0323 -0.0134 0.2019 0.9788
1779438940.5076 9.2068 3.0045 -0.2439 0.0338 -0.0104 0.2021 0.9787
1779438940.6078 9.4611 3.0927 -0.2603 0.0336 -0.0070 0.2027 0.9786
1779438940.7078 9.7217 3.2072 -0.2568 0.0319 -0.0043 0.2028 0.9787
1779438940.8076 9.9840 3.3187 -0.2421 0.0283 -0.0047 0.2035 0.9787
1779438940.9071 10.2395 3.4253 -0.2465 0.0241 -0.0061 0.2044 0.9786
1779438941.0068 10.4967 3.5630 -0.2496 0.0177 -0.0087 0.2065 0.9783
1779438941.1060 10.7575 3.6754 -0.2486 0.0108 -0.0106 0.2121 0.9771
1779438941.2068 11.0169 3.8233 -0.2685 0.0054 -0.0124 0.2184 0.9758
1779438941.3056 11.2859 3.9886 -0.2646 -0.0005 -0.0136 0.2272 0.9737
1779438941.4059 11.5437 4.1494 -0.2772 -0.0051 -0.0140 0.2374 0.9713
1779438941.5068 11.8239 4.3220 -0.2525 -0.0066 -0.0147 0.2496 0.9682
1779438941.6056 12.0759 4.5419 -0.2542 -0.0061 -0.0172 0.2680 0.9632
1779438941.7060 12.2844 4.7331 -0.2414 -0.0016 -0.0202 0.2904 0.9567
1779438941.8059 12.5070 4.9338 -0.2485 0.0060 -0.0214 0.3109 0.9502
1779438941.9057 12.6980 5.1228 -0.2425 0.0140 -0.0209 0.3290 0.9440
1779438942.0068 12.9115 5.3136 -0.2480 0.0224 -0.0178 0.3399 0.9400
1779438942.1067 13.1366 5.4973 -0.2542 0.0306 -0.0120 0.3471 0.9373
1779438942.2067 13.3543 5.7005 -0.2325 0.0368 -0.0090 0.3547 0.9342
1779438942.3076 13.6038 5.9026 -0.2276 0.0392 -0.0083 0.3551 0.9340
1779438942.4060 13.8523 6.0936 -0.1997 0.0384 -0.0091 0.3496 0.9361
1779438942.5066 14.0958 6.2792 -0.2062 0.0356 -0.0130 0.3437 0.9383
1779438942.7057 14.5900 6.6898 -0.2112 0.0317 -0.0184 0.3437 0.9384
1779438942.8060 14.8411 6.9240 -0.1874 0.0329 -0.0211 0.3491 0.9363
1779438942.9069 15.0842 7.1385 -0.1921 0.0343 -0.0205 0.3541 0.9344
1779438943.0057 15.3139 7.3595 -0.1945 0.0364 -0.0201 0.3582 0.9327
1779438943.1059 15.5563 7.5759 -0.1901 0.0385 -0.0189 0.3631 0.9308
1779438943.3068 16.0179 8.0021 -0.1674 0.0483 -0.0129 0.3672 0.9288
1779438943.4075 16.2763 8.2011 -0.1627 0.0547 -0.0074 0.3644 0.9296
1779438943.5067 16.5208 8.4147 -0.1654 0.0594 -0.0041 0.3614 0.9305
1779438943.6076 16.7729 8.6280 -0.1530 0.0624 -0.0030 0.3597 0.9310
1779438943.7069 17.0479 8.8646 -0.1333 0.0645 -0.0041 0.3552 0.9325
1779438943.8058 17.3265 9.0390 -0.1269 0.0617 -0.0053 0.3459 0.9362
1779438943.9059 17.6180 9.2109 -0.1505 0.0563 -0.0071 0.3307 0.9420
1779438944.0068 17.8895 9.4001 -0.1682 0.0465 -0.0091 0.3164 0.9475
1779438944.1059 18.1547 9.6057 -0.1691 0.0374 -0.0105 0.3059 0.9513
1779438944.2060 18.4527 9.7911 -0.1700 0.0288 -0.0113 0.3046 0.9520
1779438944.3055 18.7338 10.0007 -0.1539 0.0236 -0.0121 0.3091 0.9506
1779438944.4058 19.0213 10.2281 -0.1526 0.0220 -0.0145 0.3143 0.9490
1779438944.5058 19.2937 10.4331 -0.1519 0.0211 -0.0166 0.3210 0.9467
1779438944.6057 19.5424 10.6380 -0.1544 0.0226 -0.0164 0.3265 0.9448
1779438944.7058 19.8190 10.8615 -0.1423 0.0242 -0.0170 0.3308 0.9432
1779438944.9070 20.3517 11.3468 -0.1451 0.0223 -0.0186 0.3456 0.9379
1779438945.0066 20.6262 11.6135 -0.1229 0.0195 -0.0208 0.3577 0.9334
1779438945.1057 20.8733 11.8566 -0.1216 0.0218 -0.0220 0.3679 0.9293
1779438945.3054 21.3458 12.3766 -0.1034 0.0224 -0.0238 0.3842 0.9227
1779438945.4058 21.6070 12.6453 -0.0994 0.0232 -0.0232 0.3888 0.9207
1779438945.5067 21.8452 12.9098 -0.0938 0.0229 -0.0224 0.3922 0.9193
1779438945.6056 22.0963 13.1672 -0.0607 0.0243 -0.0232 0.3980 0.9168
1779438945.7057 22.3406 13.4332 -0.0480 0.0307 -0.0216 0.4044 0.9138
1779438945.8065 22.5800 13.7065 -0.0317 0.0391 -0.0199 0.4120 0.9101
1779438945.9076 22.7949 13.9809 -0.0151 0.0493 -0.0149 0.4178 0.9071
1779438946.0068 23.0333 14.2390 -0.0178 0.0568 -0.0110 0.4206 0.9054
1779438946.1046 23.2442 14.5194 0.0046 0.0599 -0.0090 0.4187 0.9061
1779438946.2055 23.5070 14.7793 0.0074 0.0613 -0.0088 0.4128 0.9087
1779438946.3065 23.7789 15.0351 0.0028 0.0614 -0.0097 0.4053 0.9121
1779438946.4056 24.0298 15.2751 0.0128 0.0604 -0.0091 0.3965 0.9160
1779438946.5056 24.3096 15.5253 0.0101 0.0569 -0.0104 0.3887 0.9196
1779438946.6067 24.5954 15.7734 0.0151 0.0518 -0.0112 0.3821 0.9226
1779438946.7056 24.8770 16.0170 0.0189 0.0470 -0.0127 0.3768 0.9250
1779438946.8068 25.1705 16.2523 0.0300 0.0426 -0.0135 0.3736 0.9265
1779438946.9068 25.4511 16.4993 0.0467 0.0415 -0.0142 0.3722 0.9271
1779438947.0057 25.7058 16.7521 0.0524 0.0424 -0.0143 0.3746 0.9261
1779438947.1065 25.9647 17.0069 0.0627 0.0456 -0.0134 0.3772 0.9249
1779438947.2055 26.2451 17.2636 0.0715 0.0490 -0.0117 0.3789 0.9241
1779438947.3057 26.5159 17.5305 0.0676 0.0512 -0.0108 0.3823 0.9225
1779438947.4066 26.7630 17.7898 0.0840 0.0527 -0.0101 0.3843 0.9216
1779438947.5065 27.0272 18.0287 0.0941 0.0512 -0.0112 0.3834 0.9221
1779438947.6067 27.2794 18.2842 0.0931 0.0480 -0.0117 0.3763 0.9252
1779438947.7067 27.5287 18.5158 0.1099 0.0424 -0.0139 0.3681 0.9287
1779438947.8055 27.8323 18.7647 0.1281 0.0356 -0.0183 0.3661 0.9297
1779438947.9066 28.1075 19.0377 0.1340 0.0359 -0.0200 0.3672 0.9292
1779438948.0075 28.3704 19.2903 0.1197 0.0353 -0.0165 0.3750 0.9262
1779438948.1068 28.6187 19.5699 0.0747 0.0420 -0.0191 0.3821 0.9230
1779438948.2068 28.8941 19.8321 0.1688 0.0458 -0.0141 0.3865 0.9210
1779438948.3066 29.1569 20.0746 0.1812 0.0495 -0.0108 0.3889 0.9199
1779438948.5102 29.7178 20.5830 0.1481 0.0557 -0.0058 0.3842 0.9216
1779438948.6067 29.9906 20.8388 0.1684 0.0599 -0.0041 0.3834 0.9216
1779438948.7074 30.2777 21.0821 0.1860 0.0626 -0.0050 0.3803 0.9227
1779438948.8074 30.5781 21.3127 0.1928 0.0584 -0.0061 0.3735 0.9258
1779438948.9069 30.8463 21.5598 0.1851 0.0551 -0.0069 0.3618 0.9306
1779438949.1068 31.4470 22.0397 0.1980 0.0446 -0.0081 0.3437 0.9380
1779438949.2073 31.7184 22.2880 0.2025 0.0426 -0.0091 0.3369 0.9405
1779438949.3075 32.0041 22.5419 0.2072 0.0405 -0.0106 0.3374 0.9404
1779438949.4073 32.2915 22.7864 0.2244 0.0402 -0.0107 0.3390 0.9399
1779438949.5072 32.5697 23.0341 0.2032 0.0420 -0.0102 0.3430 0.9383
1779438949.6092 32.8678 23.2837 0.2208 0.0465 -0.0085 0.3492 0.9359
1779438949.7074 33.1501 23.5432 0.2252 0.0477 -0.0077 0.3535 0.9342
1779438949.8086 33.4767 23.7900 0.2347 0.0467 -0.0091 0.3555 0.9335
1779438949.9093 33.8161 24.0170 0.2333 0.0436 -0.0099 0.3500 0.9357
1779438950.0084 34.0921 24.2766 0.2248 0.0378 -0.0120 0.3435 0.9383
1779438950.1065 34.4004 24.4997 0.2279 0.0315 -0.0138 0.3403 0.9397
1779438950.2067 34.6726 24.7642 0.2603 0.0257 -0.0136 0.3394 0.9402
1779438950.3067 34.9744 25.0497 0.2503 0.0225 -0.0167 0.3428 0.9390
1779438950.4064 35.2532 25.3322 0.2741 0.0245 -0.0184 0.3480 0.9370
1779438950.5065 35.5393 25.5993 0.2612 0.0251 -0.0198 0.3576 0.9333
1779438950.6067 35.8545 25.8570 0.2807 0.0327 -0.0169 0.3674 0.9293
1779438950.7056 36.1281 26.1442 0.2964 0.0372 -0.0137 0.3741 0.9266
1779438951.0055 37.0608 26.9430 0.3050 0.0393 -0.0129 0.3789 0.9245
1779438951.1066 37.3431 27.2170 0.3237 0.0371 -0.0135 0.3756 0.9259
1779438951.2055 37.6462 27.4880 0.3029 0.0331 -0.0149 0.3725 0.9273
1779438951.3063 37.9444 27.7625 0.3091 0.0313 -0.0155 0.3713 0.9279
1779438951.5066 38.4918 28.3517 0.3383 0.0354 -0.0153 0.3817 0.9235
1779438951.6072 38.7941 28.6315 0.3575 0.0448 -0.0125 0.3872 0.9208
1779438951.8083 39.3908 29.1879 0.3700 0.0562 -0.0075 0.3870 0.9203
1779438951.9084 39.6688 29.4512 0.3787 0.0572 -0.0060 0.3814 0.9226
1779438952.0086 39.9930 29.7402 0.3770 0.0533 -0.0086 0.3772 0.9246
1779438952.1066 40.3233 29.9937 0.3845 0.0511 -0.0086 0.3693 0.9279
1779438952.2073 40.5783 30.2550 0.3711 0.0446 -0.0102 0.3642 0.9302
1779438952.3064 40.8586 30.5293 0.3768 0.0400 -0.0119 0.3633 0.9307
1779438952.4083 41.1685 30.8029 0.3966 0.0354 -0.0118 0.3615 0.9316
1779438952.5116 41.4431 31.0842 0.4075 0.0335 -0.0135 0.3626 0.9312
1779438952.6065 41.7370 31.3628 0.4267 0.0358 -0.0136 0.3670 0.9294
1779438952.7071 42.0379 31.6373 0.4266 0.0409 -0.0132 0.3745 0.9262
1779438952.8072 42.3412 31.9316 0.4299 0.0502 -0.0114 0.3802 0.9235
1779438953.0066 42.9252 32.5005 0.4394 0.0585 -0.0063 0.3862 0.9205
1779438953.1064 43.2455 32.7741 0.4567 0.0614 -0.0043 0.3795 0.9231
1779438953.3071 43.8411 33.2945 0.4593 0.0527 -0.0076 0.3626 0.9304
1779438953.4067 44.1146 33.5401 0.4482 0.0462 -0.0090 0.3562 0.9332
1779438953.5102 44.4508 33.7842 0.4592 0.0415 -0.0101 0.3538 0.9343
1779438953.6087 44.7654 34.0513 0.4642 0.0407 -0.0093 0.3506 0.9356
1779438953.7072 45.0478 34.3424 0.4676 0.0396 -0.0103 0.3517 0.9352
1779438953.8072 45.3628 34.6208 0.4838 0.0436 -0.0092 0.3539 0.9342
1779438953.9086 45.6355 34.8961 0.4814 0.0450 -0.0076 0.3531 0.9345
1779438954.0072 45.9382 35.1397 0.4745 0.0460 -0.0079 0.3552 0.9336
1779438954.2065 46.5559 35.6899 0.4847 0.0425 -0.0088 0.3552 0.9338
1779438954.3066 46.8623 35.9452 0.4946 0.0379 -0.0108 0.3525 0.9350
1779438954.4082 47.1708 36.2091 0.4877 0.0318 -0.0129 0.3490 0.9365
1779438954.5066 47.4829 36.4781 0.4893 0.0244 -0.0148 0.3473 0.9373
1779438954.6083 47.7980 36.7315 0.4908 0.0200 -0.0161 0.3466 0.9376
1779438954.7065 48.1351 37.0063 0.4878 0.0142 -0.0175 0.3506 0.9362
1779438954.8065 48.4142 37.3143 0.5036 0.0148 -0.0198 0.3563 0.9340
1779438954.9065 48.6775 37.5958 0.5171 0.0175 -0.0180 0.3687 0.9292
1779438955.0082 48.9729 37.9166 0.5309 0.0264 -0.0175 0.3844 0.9226
1779438955.1064 49.2421 38.2172 0.5464 0.0365 -0.0133 0.3952 0.9178
1779438955.2061 49.5148 38.5351 0.5623 0.0404 -0.0120 0.4039 0.9138
1779438955.4071 50.1322 39.1133 0.5659 0.0405 -0.0131 0.3924 0.9188
1779438955.6063 50.6918 39.6984 0.5688 0.0343 -0.0142 0.3837 0.9227
1779438955.7082 50.9772 40.0124 0.5927 0.0321 -0.0146 0.3846 0.9224
1779438955.8065 51.2908 40.3082 0.6180 0.0369 -0.0163 0.3869 0.9212
1779438955.9071 51.5586 40.6541 0.6323 0.0424 -0.0173 0.3911 0.9192
1779438956.0070 51.8589 40.9129 0.6320 0.0491 -0.0154 0.3992 0.9154
1779438956.1065 52.1345 41.1952 0.6187 0.0547 -0.0085 0.4037 0.9132
1779438956.2064 52.4237 41.4719 0.6260 0.0587 -0.0060 0.4073 0.9114
1779438956.3052 52.7589 41.7518 0.6470 0.0607 -0.0016 0.4038 0.9128
1779438956.4064 53.0191 42.0470 0.6272 0.0620 -0.0012 0.3946 0.9167
1779438956.6063 53.6347 42.6078 0.6555 0.0597 -0.0022 0.3798 0.9231
1779438956.7064 53.9562 42.8909 0.6633 0.0544 -0.0040 0.3711 0.9270
1779438956.9065 54.5642 43.4391 0.6868 0.0485 -0.0051 0.3577 0.9326
1779438957.0070 54.8736 43.7075 0.6954 0.0483 -0.0060 0.3569 0.9329
1779438957.1065 55.1866 43.9665 0.6739 0.0503 -0.0057 0.3547 0.9336
1779438957.3082 55.8204 44.5420 0.6871 0.0484 -0.0058 0.3553 0.9335
1779438957.4063 56.1345 44.8014 0.6912 0.0456 -0.0066 0.3561 0.9333
1779438957.5065 56.4385 45.0772 0.6917 0.0450 -0.0082 0.3565 0.9332
1779438957.6063 56.7574 45.3398 0.6943 0.0432 -0.0084 0.3552 0.9337
1779438957.7061 57.0599 45.5967 0.6893 0.0408 -0.0084 0.3539 0.9344
1779438957.8064 57.3777 45.8625 0.6997 0.0408 -0.0080 0.3519 0.9351
1779438957.9081 57.7309 46.1289 0.7071 0.0392 -0.0085 0.3502 0.9358
1779438958.0063 58.0360 46.4044 0.7128 0.0385 -0.0090 0.3461 0.9374
1779438958.1082 58.3470 46.6515 0.7050 0.0376 -0.0090 0.3428 0.9386
1779438958.2063 58.6897 46.8984 0.6904 0.0352 -0.0093 0.3400 0.9397
1779438958.3083 58.9812 47.1677 0.6898 0.0301 -0.0098 0.3364 0.9412
1779438958.4085 59.2940 47.4394 0.7033 0.0251 -0.0115 0.3364 0.9413
1779438958.6071 59.9188 48.0306 0.6966 0.0165 -0.0157 0.3471 0.9376
1779438958.8081 60.4888 48.6431 0.7125 0.0119 -0.0183 0.3635 0.9313
1779438958.9069 60.7620 48.9391 0.7316 0.0129 -0.0187 0.3779 0.9256
1779438959.0064 61.0637 49.2360 0.7331 0.0203 -0.0183 0.3885 0.9211
1779438959.1061 61.3242 49.5356 0.7488 0.0262 -0.0162 0.3975 0.9171
1779438959.2051 61.6166 49.7900 0.7486 0.0333 -0.0132 0.4018 0.9150
1779438959.3060 61.9221 50.0862 0.7474 0.0403 -0.0110 0.4006 0.9153
1779438959.4069 62.1974 50.3778 0.7659 0.0418 -0.0089 0.4022 0.9145
1779438959.5068 62.5135 50.6658 0.7725 0.0452 -0.0089 0.4043 0.9135
1779438959.6083 62.7972 50.9665 0.7773 0.0456 -0.0089 0.4030 0.9140
1779438959.7081 63.0797 51.2720 0.7700 0.0421 -0.0104 0.4000 0.9155
1779438959.8063 63.3656 51.5765 0.7834 0.0402 -0.0112 0.3966 0.9170
1779438959.9080 63.6393 51.8625 0.7811 0.0383 -0.0111 0.3950 0.9178
1779438960.0085 63.9303 52.1563 0.8034 0.0419 -0.0102 0.3930 0.9185
1779438960.1069 64.2178 52.4647 0.8058 0.0448 -0.0088 0.3935 0.9182
1779438960.2081 64.5206 52.7317 0.8077 0.0503 -0.0072 0.3967 0.9165
1779438960.3063 64.8048 53.0227 0.8167 0.0572 -0.0046 0.3971 0.9160
1779438960.4069 65.0899 53.3179 0.8273 0.0604 -0.0022 0.3960 0.9163
1779438960.5070 65.4062 53.6053 0.8259 0.0596 -0.0027 0.3904 0.9187
1779438960.6062 65.7102 53.8938 0.8334 0.0568 -0.0036 0.3832 0.9219
1779438960.8083 66.2951 54.4697 0.8285 0.0419 -0.0088 0.3717 0.9274
1779438960.9069 66.6025 54.7437 0.8313 0.0351 -0.0100 0.3675 0.9293
1779438961.0080 66.9006 55.0318 0.8304 0.0333 -0.0111 0.3657 0.9301
1779438961.1062 67.2169 55.3206 0.8403 0.0306 -0.0121 0.3686 0.9290
1779438961.2062 67.5189 55.6178 0.8523 0.0317 -0.0126 0.3724 0.9274
1779438961.3081 67.8094 55.9034 0.8649 0.0366 -0.0125 0.3783 0.9249
1779438961.5063 68.4008 56.4727 0.8612 0.0505 -0.0079 0.3869 0.9207
1779438961.6069 68.6761 56.7389 0.8742 0.0531 -0.0059 0.3893 0.9195
1779438961.7067 68.9864 57.0269 0.8772 0.0550 -0.0047 0.3878 0.9201
1779438961.8069 69.2775 57.3052 0.8893 0.0528 -0.0057 0.3842 0.9217
1779438961.9105 69.5901 57.5737 0.8961 0.0504 -0.0048 0.3761 0.9252
1779438962.0068 69.8856 57.8380 0.8724 0.0444 -0.0074 0.3668 0.9292
1779438962.1069 70.2195 58.1244 0.8965 0.0401 -0.0071 0.3619 0.9313
1779438962.3080 70.8173 58.6789 0.9040 0.0387 -0.0087 0.3644 0.9304
1779438962.4080 71.1192 58.9643 0.9079 0.0427 -0.0064 0.3695 0.9282
1779438962.5062 71.4326 59.2255 0.8865 0.0471 -0.0059 0.3717 0.9272
1779438962.6068 71.7303 59.5258 0.8907 0.0481 -0.0045 0.3731 0.9265
1779438962.7081 72.0434 59.8132 0.8983 0.0487 -0.0030 0.3726 0.9267
1779438962.9067 72.6367 60.3706 0.9194 0.0472 -0.0035 0.3683 0.9285
1779438963.0079 72.9632 60.6326 0.9138 0.0438 -0.0055 0.3621 0.9311
1779438963.1062 73.2876 60.9011 0.9146 0.0387 -0.0063 0.3581 0.9328
1779438963.2079 73.5845 61.1906 0.9084 0.0352 -0.0071 0.3539 0.9346
1779438963.3053 73.9113 61.4257 0.9118 0.0335 -0.0097 0.3565 0.9336
1779438963.4068 74.1935 61.7047 0.9297 0.0335 -0.0088 0.3622 0.9314
1779438963.5080 74.4839 61.9776 0.9185 0.0403 -0.0083 0.3668 0.9294
1779438963.6068 74.7731 62.2664 0.9507 0.0474 -0.0049 0.3713 0.9273
1779438963.7080 75.0894 62.5274 0.9210 0.0529 -0.0018 0.3756 0.9253
1779438963.8068 75.4361 62.7896 0.9275 0.0557 -0.0011 0.3734 0.9260
1779438963.9080 75.7680 63.0531 0.9381 0.0553 -0.0003 0.3643 0.9296
1779438964.0082 76.0848 63.3339 0.9270 0.0519 -0.0031 0.3544 0.9337
1779438964.2068 76.7215 63.8429 0.9186 0.0370 -0.0059 0.3408 0.9394
1779438964.3058 77.0500 64.1044 0.9069 0.0301 -0.0077 0.3368 0.9411
1779438964.4061 77.3577 64.4024 0.9286 0.0257 -0.0082 0.3356 0.9416
1779438964.5060 77.6707 64.6826 0.9296 0.0215 -0.0099 0.3405 0.9400
1779438964.6058 77.9787 64.9942 0.9416 0.0232 -0.0113 0.3484 0.9370
1779438964.7059 78.2797 65.2789 0.9633 0.0263 -0.0109 0.3611 0.9321
1779438964.8079 78.5906 65.5403 0.9369 0.0366 -0.0091 0.3714 0.9277
1779438964.9058 78.8917 65.8292 0.9581 0.0464 -0.0057 0.3786 0.9244
1779438965.0061 79.2409 66.0842 0.9383 0.0512 -0.0033 0.3789 0.9240
1779438965.1050 79.5677 66.3386 0.9408 0.0532 -0.0021 0.3708 0.9272
1779438965.2060 79.8840 66.6225 0.9373 0.0502 -0.0030 0.3641 0.9300
1779438965.3068 80.1961 66.8792 0.9189 0.0471 -0.0036 0.3550 0.9337
1779438965.5067 80.8563 67.4291 0.9132 0.0401 -0.0058 0.3493 0.9361
1779438965.6081 81.1744 67.7090 0.9313 0.0373 -0.0049 0.3470 0.9371
1779438965.8067 81.8378 68.2488 0.9330 0.0344 -0.0062 0.3454 0.9378
1779438966.0065 82.4737 68.7962 0.9236 0.0367 -0.0058 0.3466 0.9373
1779438966.1078 82.7949 69.0671 0.8996 0.0375 -0.0057 0.3503 0.9359
1779438966.2065 83.1155 69.3485 0.9044 0.0374 -0.0060 0.3541 0.9344
1779438966.3079 83.4476 69.6439 0.9155 0.0364 -0.0061 0.3577 0.9331
1779438966.4079 83.7633 69.9324 0.9214 0.0360 -0.0071 0.3611 0.9318
1779438966.5078 84.0724 70.2182 0.9029 0.0357 -0.0088 0.3631 0.9310
1779438966.6068 84.4044 70.5031 0.9355 0.0314 -0.0096 0.3646 0.9306
1779438966.7083 84.7318 70.7909 0.9029 0.0299 -0.0110 0.3639 0.9309
1779438966.8065 85.0385 71.0579 0.9073 0.0279 -0.0115 0.3618 0.9318
1779438966.9079 85.3584 71.3566 0.9285 0.0255 -0.0117 0.3613 0.9320
1779438967.0083 85.6746 71.6474 0.9222 0.0236 -0.0127 0.3610 0.9322
1779438967.1083 85.9847 71.9385 0.9023 0.0236 -0.0140 0.3654 0.9304
1779438967.2081 86.2857 72.2421 0.9399 0.0260 -0.0130 0.3702 0.9285
1779438967.3067 86.5844 72.5288 0.9197 0.0287 -0.0121 0.3747 0.9266
1779438967.5079 87.2045 73.1525 0.9644 0.0301 -0.0120 0.3868 0.9216
1779438967.6059 87.4826 73.4605 0.9592 0.0305 -0.0132 0.3922 0.9193
1779438967.8064 88.0627 74.1131 0.9807 0.0342 -0.0131 0.4016 0.9151
1779438967.9058 88.3316 74.4135 0.9592 0.0360 -0.0135 0.4060 0.9131
1779438968.0065 88.6237 74.7288 0.9797 0.0383 -0.0119 0.4098 0.9113
1779438968.1059 88.9378 75.0265 0.9821 0.0423 -0.0093 0.4089 0.9115
1779438968.2067 89.2305 75.3373 0.9796 0.0475 -0.0083 0.4054 0.9129
1779438968.3056 89.5268 75.6292 0.9963 0.0529 -0.0070 0.4054 0.9126
1779438968.4058 89.8312 75.9245 0.9824 0.0590 -0.0043 0.4027 0.9134
1779438968.6056 90.4508 76.5088 1.0156 0.0666 0.0015 0.3951 0.9162
1779438968.7059 90.7623 76.8168 1.0177 0.0688 0.0001 0.3884 0.9189
1779438968.8077 91.0839 77.0981 1.0060 0.0673 -0.0006 0.3826 0.9215
1779438968.9066 91.4030 77.3759 1.0005 0.0659 -0.0011 0.3738 0.9252
1779438969.0078 91.7039 77.6312 1.0386 0.0605 0.0004 0.3661 0.9286
1779438969.1067 92.0285 77.8839 0.9877 0.0564 -0.0020 0.3581 0.9320
1779438969.2076 92.3466 78.1530 0.9813 0.0514 -0.0028 0.3486 0.9359
1779438969.4059 93.0073 78.6802 0.9916 0.0394 -0.0030 0.3350 0.9414
1779438969.5098 93.3100 78.9574 0.9980 0.0355 -0.0066 0.3355 0.9414
1779438969.6078 93.6499 79.2120 0.9983 0.0350 -0.0075 0.3382 0.9404
1779438969.7065 93.9536 79.4722 0.9862 0.0384 -0.0061 0.3400 0.9396
1779438969.9080 94.6110 80.0367 0.9899 0.0422 -0.0059 0.3507 0.9355
1779438970.0066 94.9139 80.3036 0.9928 0.0393 -0.0068 0.3541 0.9343
1779438970.1080 95.2438 80.5445 0.9979 0.0353 -0.0082 0.3518 0.9354
1779438970.3058 95.8876 81.0733 0.9785 0.0198 -0.0127 0.3400 0.9401
1779438970.5055 96.4915 81.7183 0.9902 0.0118 -0.0157 0.3486 0.9371
1779438970.6058 96.8019 81.9777 1.0251 0.0137 -0.0170 0.3624 0.9318
1779438970.7065 97.0687 82.3043 1.0259 0.0213 -0.0164 0.3765 0.9260
1779438970.8055 97.3626 82.5771 1.0399 0.0278 -0.0161 0.3904 0.9201
1779438970.9063 97.6549 82.8282 1.0299 0.0362 -0.0129 0.3932 0.9187
1779438971.0063 97.9561 83.1185 1.0241 0.0409 -0.0118 0.3957 0.9174
1779438971.1059 98.2722 83.4186 1.0480 0.0444 -0.0089 0.3931 0.9184
1779438971.2076 98.5594 83.7104 1.0375 0.0454 -0.0086 0.3894 0.9199
1779438971.3059 98.8377 83.9797 1.0466 0.0456 -0.0090 0.3885 0.9203
1779438971.4066 99.1439 84.2732 1.0451 0.0456 -0.0091 0.3859 0.9214
1779438971.6058 99.7322 84.8380 1.0561 0.0445 -0.0094 0.3830 0.9226
1779438971.7077 100.0231 85.1273 1.0654 0.0434 -0.0078 0.3813 0.9234
1779438971.8077 100.3318 85.4069 1.0810 0.0440 -0.0079 0.3803 0.9238
1779438971.9065 100.6253 85.6936 1.0838 0.0443 -0.0083 0.3791 0.9243
1779438972.1073 101.2370 86.2532 1.0844 0.0474 -0.0064 0.3758 0.9255
1779438972.2078 101.5507 86.5240 1.0772 0.0481 -0.0058 0.3729 0.9266
1779438972.3081 101.8432 86.7954 1.1006 0.0477 -0.0059 0.3698 0.9279
1779438972.4064 102.1324 87.0816 1.0965 0.0471 -0.0068 0.3682 0.9285
1779438972.5063 102.4376 87.3700 1.0770 0.0470 -0.0121 0.3679 0.9286
1779438972.6057 102.7379 87.6333 1.1347 0.0440 -0.0052 0.3670 0.9292
1779438972.7064 103.0252 87.9118 1.0470 0.0413 -0.0080 0.3662 0.9296
1779438972.8076 103.3382 88.1867 1.1106 0.0376 -0.0058 0.3673 0.9293
1779438972.9077 103.6313 88.4564 1.0560 0.0344 -0.0074 0.3670 0.9296
1779438973.0057 103.9061 88.7523 1.0624 0.0298 -0.0093 0.3667 0.9298
1779438973.1054 104.2204 89.0273 1.0970 0.0270 -0.0092 0.3673 0.9297
1779438973.2054 104.5077 89.3126 1.0996 0.0245 -0.0124 0.3723 0.9277
1779438973.3063 104.8037 89.6272 1.1095 0.0278 -0.0140 0.3797 0.9246
1779438973.4046 105.0886 89.9247 1.1126 0.0335 -0.0130 0.3901 0.9201
1779438973.5046 105.3420 90.2034 1.1150 0.0404 -0.0097 0.3997 0.9157
1779438973.6065 105.6495 90.4896 1.1122 0.0503 -0.0064 0.4042 0.9132
1779438973.7057 105.9329 90.7801 1.1251 0.0534 -0.0042 0.4065 0.9121
1779438973.8063 106.2403 91.0611 1.1063 0.0572 -0.0026 0.4015 0.9141
1779438973.9057 106.5271 91.3603 1.1130 0.0573 -0.0031 0.3939 0.9174
1779438974.0057 106.8178 91.6267 1.1098 0.0563 -0.0021 0.3894 0.9194
1779438974.1057 107.1252 91.9105 1.1146 0.0554 -0.0017 0.3831 0.9221
1779438974.2054 107.4432 92.1841 1.1170 0.0524 -0.0021 0.3798 0.9236
1779438974.4057 108.0635 92.7476 1.1324 0.0474 -0.0043 0.3714 0.9272
1779438974.5057 108.3830 93.0304 1.1249 0.0468 -0.0067 0.3680 0.9286
1779438974.6057 108.6799 93.3059 1.1334 0.0488 -0.0051 0.3665 0.9291
1779438974.8055 109.2820 93.8686 1.1425 0.0533 -0.0018 0.3701 0.9275
1779438975.0075 109.9298 94.4239 1.1254 0.0538 -0.0019 0.3659 0.9291
1779438975.1056 110.2492 94.6875 1.1180 0.0516 -0.0031 0.3571 0.9327
1779438975.2062 110.5668 94.9527 1.1129 0.0459 -0.0046 0.3502 0.9356
1779438975.3055 110.8655 95.2192 1.1150 0.0399 -0.0057 0.3450 0.9377
1779438975.4062 111.1648 95.4808 1.1075 0.0331 -0.0071 0.3447 0.9381
1779438975.5063 111.4855 95.7532 1.1074 0.0288 -0.0077 0.3453 0.9380
1779438975.6056 111.7911 96.0508 1.1297 0.0277 -0.0084 0.3471 0.9374
1779438975.8074 112.4390 96.5923 1.1263 0.0284 -0.0104 0.3564 0.9338
1779438975.9056 112.7394 96.8701 1.1253 0.0308 -0.0093 0.3590 0.9328
